Time (sec), Heater 1 (%),  Heater 2 (%), Temperature 1 (°C), Temperature 2 (°C), Room Temperature (°C), 
0.000000000000000000e+00,0.000000000000000000e+00,0.000000000000000000e+00,5.420000000000000284e+01,4.540999999999999659e+01,3.760000000000000142e+01
9.971101284027099609e-01,0.000000000000000000e+00,0.000000000000000000e+00,5.420000000000000284e+01,4.540999999999999659e+01,3.764999999999999858e+01
1.992718219757080078e+00,0.000000000000000000e+00,0.000000000000000000e+00,5.420000000000000284e+01,4.540999999999999659e+01,3.764999999999999858e+01
2.993285417556762695e+00,0.000000000000000000e+00,0.000000000000000000e+00,5.420000000000000284e+01,4.540999999999999659e+01,3.771999999999999886e+01
3.990732669830322266e+00,0.000000000000000000e+00,0.000000000000000000e+00,5.420000000000000284e+01,4.540999999999999659e+01,3.796000000000000085e+01
4.988840341567993164e+00,0.000000000000000000e+00,0.000000000000000000e+00,5.417000000000000171e+01,4.540999999999999659e+01,3.800999999999999801e+01
5.988686323165893555e+00,0.000000000000000000e+00,0.000000000000000000e+00,5.404999999999999716e+01,4.540999999999999659e+01,3.809000000000000341e+01
6.981262445449829102e+00,0.000000000000000000e+00,0.000000000000000000e+00,5.385999999999999943e+01,4.540999999999999659e+01,3.809000000000000341e+01
7.976685523986816406e+00,0.000000000000000000e+00,0.000000000000000000e+00,5.374000000000000199e+01,4.540999999999999659e+01,3.809000000000000341e+01
8.974281549453735352e+00,0.000000000000000000e+00,0.000000000000000000e+00,5.371000000000000085e+01,4.540999999999999659e+01,3.809000000000000341e+01
9.973765611648559570e+00,5.000000000000000000e+01,5.000000000000000000e+01,5.371000000000000085e+01,4.540999999999999659e+01,3.809000000000000341e+01
1.097355866432189941e+01,5.000000000000000000e+01,5.000000000000000000e+01,5.365999999999999659e+01,4.467999999999999972e+01,3.796000000000000085e+01
1.196753549575805664e+01,5.000000000000000000e+01,5.000000000000000000e+01,5.360999999999999943e+01,4.463000000000000256e+01,3.782000000000000028e+01
1.297313213348388672e+01,5.000000000000000000e+01,5.000000000000000000e+01,5.365999999999999659e+01,4.472999999999999687e+01,3.792000000000000171e+01
1.397390460968017578e+01,5.000000000000000000e+01,5.000000000000000000e+01,5.371000000000000085e+01,4.453000000000000114e+01,3.800999999999999801e+01
1.497974014282226562e+01,5.000000000000000000e+01,5.000000000000000000e+01,5.397999999999999687e+01,4.463000000000000256e+01,3.803999999999999915e+01
1.597555947303771973e+01,5.000000000000000000e+01,5.000000000000000000e+01,5.417000000000000171e+01,4.486999999999999744e+01,3.806000000000000227e+01
1.698114681243896484e+01,5.000000000000000000e+01,5.000000000000000000e+01,5.435000000000000142e+01,4.535999999999999943e+01,3.809000000000000341e+01
1.797515153884887695e+01,5.000000000000000000e+01,5.000000000000000000e+01,5.468999999999999773e+01,4.546000000000000085e+01,3.809000000000000341e+01
1.897465300559997559e+01,5.000000000000000000e+01,5.000000000000000000e+01,5.510000000000000142e+01,4.525999999999999801e+01,3.803999999999999915e+01
1.997469568252563477e+01,5.000000000000000000e+01,5.000000000000000000e+01,5.546999999999999886e+01,4.556000000000000227e+01,3.806000000000000227e+01
2.097318387031555176e+01,5.000000000000000000e+01,5.000000000000000000e+01,5.585999999999999943e+01,4.575000000000000000e+01,3.803999999999999915e+01
2.196702885627746582e+01,5.000000000000000000e+01,5.000000000000000000e+01,5.617999999999999972e+01,4.618999999999999773e+01,3.806000000000000227e+01
2.296136999130249023e+01,5.000000000000000000e+01,5.000000000000000000e+01,5.661999999999999744e+01,4.647999999999999687e+01,3.809000000000000341e+01
2.396010136604309082e+01,5.000000000000000000e+01,5.000000000000000000e+01,5.707999999999999829e+01,4.663000000000000256e+01,3.799000000000000199e+01
2.495611023902893066e+01,5.000000000000000000e+01,5.000000000000000000e+01,5.757000000000000028e+01,4.678000000000000114e+01,3.799000000000000199e+01
2.595898270606994629e+01,5.000000000000000000e+01,5.000000000000000000e+01,5.803000000000000114e+01,4.679999999999999716e+01,3.806000000000000227e+01
2.695907688140869141e+01,5.000000000000000000e+01,5.000000000000000000e+01,5.846999999999999886e+01,4.735999999999999943e+01,3.806000000000000227e+01
2.795340824127197266e+01,5.000000000000000000e+01,5.000000000000000000e+01,5.900999999999999801e+01,4.731000000000000227e+01,3.806000000000000227e+01
2.894983506202697754e+01,5.000000000000000000e+01,5.000000000000000000e+01,5.942000000000000171e+01,4.765999999999999659e+01,3.806000000000000227e+01
2.994969153404235840e+01,5.000000000000000000e+01,5.000000000000000000e+01,6.000999999999999801e+01,4.817000000000000171e+01,3.809000000000000341e+01
3.095097637176513672e+01,5.000000000000000000e+01,5.000000000000000000e+01,6.046999999999999886e+01,4.814000000000000057e+01,3.810999999999999943e+01
3.194219422340393066e+01,5.000000000000000000e+01,5.000000000000000000e+01,6.099000000000000199e+01,4.850999999999999801e+01,3.806000000000000227e+01
3.294531250000000000e+01,5.000000000000000000e+01,5.000000000000000000e+01,6.146999999999999886e+01,4.863000000000000256e+01,3.809000000000000341e+01
3.393865585327148438e+01,5.000000000000000000e+01,5.000000000000000000e+01,6.199000000000000199e+01,4.911999999999999744e+01,3.813000000000000256e+01
3.493051552772521973e+01,5.000000000000000000e+01,5.000000000000000000e+01,6.245000000000000284e+01,4.917000000000000171e+01,3.809000000000000341e+01
3.592301583290100098e+01,5.000000000000000000e+01,5.000000000000000000e+01,6.293999999999999773e+01,4.971000000000000085e+01,3.809000000000000341e+01
3.692281126976013184e+01,5.000000000000000000e+01,5.000000000000000000e+01,6.345000000000000284e+01,4.975999999999999801e+01,3.815999999999999659e+01
3.792882728576660156e+01,5.000000000000000000e+01,5.000000000000000000e+01,6.396000000000000085e+01,5.028999999999999915e+01,3.821000000000000085e+01
3.892562651634216309e+01,5.000000000000000000e+01,5.000000000000000000e+01,6.445000000000000284e+01,5.059000000000000341e+01,3.817999999999999972e+01
3.991953659057617188e+01,5.000000000000000000e+01,5.000000000000000000e+01,6.501000000000000512e+01,5.067999999999999972e+01,3.825999999999999801e+01
4.091622376441955566e+01,5.000000000000000000e+01,5.000000000000000000e+01,6.557999999999999829e+01,5.078000000000000114e+01,3.832999999999999829e+01
4.191901350021362305e+01,5.000000000000000000e+01,5.000000000000000000e+01,6.620999999999999375e+01,5.127000000000000313e+01,3.838000000000000256e+01
4.291385984420776367e+01,5.000000000000000000e+01,5.000000000000000000e+01,6.662999999999999545e+01,5.164000000000000057e+01,3.832999999999999829e+01
4.391482806205749512e+01,5.000000000000000000e+01,5.000000000000000000e+01,6.735999999999999943e+01,5.150999999999999801e+01,3.831000000000000227e+01
4.491359949111938477e+01,5.000000000000000000e+01,5.000000000000000000e+01,6.784999999999999432e+01,5.195000000000000284e+01,3.832999999999999829e+01
4.591202497482299805e+01,5.000000000000000000e+01,5.000000000000000000e+01,6.832999999999999829e+01,5.249000000000000199e+01,3.835000000000000142e+01
4.691346812248229980e+01,5.000000000000000000e+01,5.000000000000000000e+01,6.884999999999999432e+01,5.264000000000000057e+01,3.838000000000000256e+01
4.791482448577880859e+01,5.000000000000000000e+01,5.000000000000000000e+01,6.953000000000000114e+01,5.292999999999999972e+01,3.842999999999999972e+01
4.892003011703491211e+01,5.000000000000000000e+01,5.000000000000000000e+01,7.009000000000000341e+01,5.313000000000000256e+01,3.847999999999999687e+01
4.991863489151000977e+01,5.000000000000000000e+01,5.000000000000000000e+01,7.051000000000000512e+01,5.364000000000000057e+01,3.850000000000000000e+01
5.091269946098327637e+01,5.000000000000000000e+01,5.000000000000000000e+01,7.109000000000000341e+01,5.365999999999999659e+01,3.853000000000000114e+01
5.191020584106445312e+01,5.000000000000000000e+01,5.000000000000000000e+01,7.170000000000000284e+01,5.410000000000000142e+01,3.850000000000000000e+01
5.290621018409729004e+01,5.000000000000000000e+01,5.000000000000000000e+01,7.218999999999999773e+01,5.427000000000000313e+01,3.853000000000000114e+01
5.390656065940856934e+01,5.000000000000000000e+01,5.000000000000000000e+01,7.273000000000000398e+01,5.439000000000000057e+01,3.854999999999999716e+01
5.489939928054809570e+01,5.000000000000000000e+01,5.000000000000000000e+01,7.326999999999999602e+01,5.503000000000000114e+01,3.854999999999999716e+01
5.589234852790832520e+01,5.000000000000000000e+01,5.000000000000000000e+01,7.373000000000000398e+01,5.513000000000000256e+01,3.857000000000000028e+01
5.688717555999755859e+01,5.000000000000000000e+01,5.000000000000000000e+01,7.429000000000000625e+01,5.535000000000000142e+01,3.860000000000000142e+01
5.788350605964660645e+01,5.000000000000000000e+01,5.000000000000000000e+01,7.484999999999999432e+01,5.561999999999999744e+01,3.860000000000000142e+01
5.887811946868896484e+01,5.000000000000000000e+01,5.000000000000000000e+01,7.545999999999999375e+01,5.581000000000000227e+01,3.861999999999999744e+01
5.987309837341308594e+01,5.000000000000000000e+01,5.000000000000000000e+01,7.598000000000000398e+01,5.603000000000000114e+01,3.877000000000000313e+01
6.086457228660583496e+01,5.000000000000000000e+01,5.000000000000000000e+01,7.637000000000000455e+01,5.667000000000000171e+01,3.870000000000000284e+01
6.186615991592407227e+01,5.000000000000000000e+01,5.000000000000000000e+01,7.698000000000000398e+01,5.653999999999999915e+01,3.886999999999999744e+01
6.287076044082641602e+01,5.000000000000000000e+01,5.000000000000000000e+01,7.759000000000000341e+01,5.713000000000000256e+01,3.886999999999999744e+01
6.387057971954345703e+01,5.000000000000000000e+01,5.000000000000000000e+01,7.809999999999999432e+01,5.697999999999999687e+01,3.882000000000000028e+01
6.487215757369995117e+01,5.000000000000000000e+01,5.000000000000000000e+01,7.856000000000000227e+01,5.753999999999999915e+01,3.886999999999999744e+01
6.586859965324401855e+01,5.000000000000000000e+01,5.000000000000000000e+01,7.909999999999999432e+01,5.778999999999999915e+01,3.886999999999999744e+01
6.686124920845031738e+01,5.000000000000000000e+01,5.000000000000000000e+01,7.956999999999999318e+01,5.789000000000000057e+01,3.893999999999999773e+01
6.786025452613830566e+01,5.000000000000000000e+01,5.000000000000000000e+01,8.004999999999999716e+01,5.822999999999999687e+01,3.892000000000000171e+01
6.885323190689086914e+01,5.000000000000000000e+01,5.000000000000000000e+01,8.062000000000000455e+01,5.852000000000000313e+01,3.896000000000000085e+01
6.984870433807373047e+01,5.000000000000000000e+01,5.000000000000000000e+01,8.112999999999999545e+01,5.884000000000000341e+01,3.900999999999999801e+01
7.084494066238403320e+01,5.000000000000000000e+01,5.000000000000000000e+01,8.159000000000000341e+01,5.874000000000000199e+01,3.900999999999999801e+01
7.183968544006347656e+01,5.000000000000000000e+01,5.000000000000000000e+01,8.207999999999999829e+01,5.900999999999999801e+01,3.903999999999999915e+01
7.283593940734863281e+01,5.000000000000000000e+01,5.000000000000000000e+01,8.246999999999999886e+01,5.906000000000000227e+01,3.899000000000000199e+01
7.383014845848083496e+01,5.000000000000000000e+01,5.000000000000000000e+01,8.295999999999999375e+01,5.945000000000000284e+01,3.882000000000000028e+01
7.482731485366821289e+01,5.000000000000000000e+01,5.000000000000000000e+01,8.345000000000000284e+01,5.945000000000000284e+01,3.886999999999999744e+01
7.581914043426513672e+01,5.000000000000000000e+01,5.000000000000000000e+01,8.381000000000000227e+01,5.971999999999999886e+01,3.889000000000000057e+01
7.681895613670349121e+01,5.000000000000000000e+01,5.000000000000000000e+01,8.428000000000000114e+01,5.985999999999999943e+01,3.886999999999999744e+01
7.781999659538269043e+01,5.000000000000000000e+01,5.000000000000000000e+01,8.467000000000000171e+01,6.046999999999999886e+01,3.878999999999999915e+01
7.882426142692565918e+01,5.000000000000000000e+01,5.000000000000000000e+01,8.515999999999999659e+01,6.061999999999999744e+01,3.878999999999999915e+01
7.982222557067871094e+01,5.000000000000000000e+01,5.000000000000000000e+01,8.550000000000000000e+01,6.050000000000000000e+01,3.882000000000000028e+01
8.082213425636291504e+01,5.000000000000000000e+01,5.000000000000000000e+01,8.590999999999999659e+01,6.085999999999999943e+01,3.878999999999999915e+01
8.181775736808776855e+01,5.000000000000000000e+01,5.000000000000000000e+01,8.643000000000000682e+01,6.103999999999999915e+01,3.877000000000000313e+01
8.282067990303039551e+01,5.000000000000000000e+01,5.000000000000000000e+01,8.676999999999999602e+01,6.132999999999999829e+01,3.884000000000000341e+01
8.381774520874023438e+01,5.000000000000000000e+01,5.000000000000000000e+01,8.723000000000000398e+01,6.146999999999999886e+01,3.878999999999999915e+01
8.481442236900329590e+01,5.000000000000000000e+01,5.000000000000000000e+01,8.765000000000000568e+01,6.171999999999999886e+01,3.882000000000000028e+01
8.580928421020507812e+01,5.000000000000000000e+01,5.000000000000000000e+01,8.812999999999999545e+01,6.171999999999999886e+01,3.882000000000000028e+01
8.680254411697387695e+01,5.000000000000000000e+01,5.000000000000000000e+01,8.853000000000000114e+01,6.200999999999999801e+01,3.875000000000000000e+01
8.779966354370117188e+01,5.000000000000000000e+01,5.000000000000000000e+01,8.898999999999999488e+01,6.238000000000000256e+01,3.875000000000000000e+01
8.880142164230346680e+01,5.000000000000000000e+01,5.000000000000000000e+01,8.954999999999999716e+01,6.225999999999999801e+01,3.889000000000000057e+01
8.979775381088256836e+01,5.000000000000000000e+01,5.000000000000000000e+01,8.981999999999999318e+01,6.264999999999999858e+01,3.889000000000000057e+01
9.079051613807678223e+01,5.000000000000000000e+01,5.000000000000000000e+01,9.023000000000000398e+01,6.296000000000000085e+01,3.877000000000000313e+01
9.178251266479492188e+01,5.000000000000000000e+01,5.000000000000000000e+01,9.065000000000000568e+01,6.286999999999999744e+01,3.884000000000000341e+01
9.278109622001647949e+01,5.000000000000000000e+01,5.000000000000000000e+01,9.115999999999999659e+01,6.296000000000000085e+01,3.878999999999999915e+01
9.377289867401123047e+01,5.000000000000000000e+01,5.000000000000000000e+01,9.157999999999999829e+01,6.335000000000000142e+01,3.878999999999999915e+01
9.477710437774658203e+01,5.000000000000000000e+01,5.000000000000000000e+01,9.204000000000000625e+01,6.321000000000000085e+01,3.877000000000000313e+01
9.577555942535400391e+01,5.000000000000000000e+01,5.000000000000000000e+01,9.231000000000000227e+01,6.375000000000000000e+01,3.884000000000000341e+01
9.677806568145751953e+01,5.000000000000000000e+01,5.000000000000000000e+01,9.276999999999999602e+01,6.371999999999999886e+01,3.884000000000000341e+01
9.777434730529785156e+01,5.000000000000000000e+01,5.000000000000000000e+01,9.326000000000000512e+01,6.404000000000000625e+01,3.877000000000000313e+01
9.877075505256652832e+01,5.000000000000000000e+01,5.000000000000000000e+01,9.373000000000000398e+01,6.432999999999999829e+01,3.871999999999999886e+01
9.976960158348083496e+01,5.000000000000000000e+01,5.000000000000000000e+01,9.409000000000000341e+01,6.428000000000000114e+01,3.884000000000000341e+01
1.007638759613037109e+02,5.000000000000000000e+01,5.000000000000000000e+01,9.445999999999999375e+01,6.459999999999999432e+01,3.875000000000000000e+01
1.017603156566619873e+02,5.000000000000000000e+01,5.000000000000000000e+01,9.479999999999999716e+01,6.479000000000000625e+01,3.878999999999999915e+01
1.027613792419433594e+02,5.000000000000000000e+01,5.000000000000000000e+01,9.523999999999999488e+01,6.475000000000000000e+01,3.882000000000000028e+01
1.037585663795471191e+02,5.000000000000000000e+01,5.000000000000000000e+01,9.570000000000000284e+01,6.518999999999999773e+01,3.871999999999999886e+01
1.047545723915100098e+02,5.000000000000000000e+01,5.000000000000000000e+01,9.614000000000000057e+01,6.565000000000000568e+01,3.877000000000000313e+01
1.057510490417480469e+02,5.000000000000000000e+01,5.000000000000000000e+01,9.648000000000000398e+01,6.575000000000000000e+01,3.878999999999999915e+01
1.067449731826782227e+02,5.000000000000000000e+01,5.000000000000000000e+01,9.696999999999999886e+01,6.576999999999999602e+01,3.889000000000000057e+01
1.077411642074584961e+02,5.000000000000000000e+01,5.000000000000000000e+01,9.748999999999999488e+01,6.593999999999999773e+01,3.884000000000000341e+01
1.087364706993103027e+02,5.000000000000000000e+01,5.000000000000000000e+01,9.792000000000000171e+01,6.631000000000000227e+01,3.882000000000000028e+01
1.097286868095397949e+02,5.000000000000000000e+01,5.000000000000000000e+01,9.835999999999999943e+01,6.654999999999999716e+01,3.889000000000000057e+01
1.107306995391845703e+02,5.000000000000000000e+01,5.000000000000000000e+01,9.878000000000000114e+01,6.692000000000000171e+01,3.892000000000000171e+01
1.117304639816284180e+02,5.000000000000000000e+01,5.000000000000000000e+01,9.917000000000000171e+01,6.718999999999999773e+01,3.892000000000000171e+01
1.127321684360504150e+02,5.000000000000000000e+01,5.000000000000000000e+01,9.957999999999999829e+01,6.693999999999999773e+01,3.893999999999999773e+01
1.137243127822875977e+02,5.000000000000000000e+01,5.000000000000000000e+01,1.000699999999999932e+02,6.726000000000000512e+01,3.896000000000000085e+01
1.147227838039398193e+02,5.000000000000000000e+01,5.000000000000000000e+01,1.005600000000000023e+02,6.765000000000000568e+01,3.896000000000000085e+01
1.157185447216033936e+02,5.000000000000000000e+01,5.000000000000000000e+01,1.009800000000000040e+02,6.748000000000000398e+01,3.900999999999999801e+01
1.167096481323242188e+02,5.000000000000000000e+01,5.000000000000000000e+01,1.013199999999999932e+02,6.796999999999999886e+01,3.899000000000000199e+01
1.177091059684753418e+02,5.000000000000000000e+01,5.000000000000000000e+01,1.018100000000000023e+02,6.776999999999999602e+01,3.910999999999999943e+01
1.187061221599578857e+02,5.000000000000000000e+01,5.000000000000000000e+01,1.023900000000000006e+02,6.829000000000000625e+01,3.932999999999999829e+01
1.197048313617706299e+02,5.000000000000000000e+01,5.000000000000000000e+01,1.027600000000000051e+02,6.835999999999999943e+01,3.945000000000000284e+01
1.207057428359985352e+02,5.000000000000000000e+01,5.000000000000000000e+01,1.032699999999999960e+02,6.896999999999999886e+01,3.954999999999999716e+01
1.217005114555358887e+02,5.000000000000000000e+01,5.000000000000000000e+01,1.034699999999999989e+02,6.909000000000000341e+01,3.954999999999999716e+01
1.226982316970825195e+02,5.000000000000000000e+01,5.000000000000000000e+01,1.039800000000000040e+02,6.929000000000000625e+01,3.953000000000000114e+01
1.236941771507263184e+02,5.000000000000000000e+01,5.000000000000000000e+01,1.045900000000000034e+02,6.970000000000000284e+01,3.954999999999999716e+01
1.246926789283752441e+02,5.000000000000000000e+01,5.000000000000000000e+01,1.049800000000000040e+02,6.992000000000000171e+01,3.960000000000000142e+01
1.256916682720184326e+02,5.000000000000000000e+01,5.000000000000000000e+01,1.054399999999999977e+02,6.978000000000000114e+01,3.970000000000000284e+01
1.266944258213043213e+02,5.000000000000000000e+01,5.000000000000000000e+01,1.059800000000000040e+02,7.034000000000000341e+01,3.977000000000000313e+01
1.276990137100219727e+02,5.000000000000000000e+01,5.000000000000000000e+01,1.064000000000000057e+02,7.035999999999999943e+01,3.978999999999999915e+01
1.286988022327423096e+02,5.000000000000000000e+01,5.000000000000000000e+01,1.068799999999999955e+02,7.068000000000000682e+01,3.975000000000000000e+01
1.296926808357238770e+02,5.000000000000000000e+01,5.000000000000000000e+01,1.074000000000000057e+02,7.051000000000000512e+01,3.984000000000000341e+01
1.306895523071289062e+02,5.000000000000000000e+01,5.000000000000000000e+01,1.078900000000000006e+02,7.087000000000000455e+01,3.982000000000000028e+01
1.316928138732910156e+02,5.000000000000000000e+01,5.000000000000000000e+01,1.082500000000000000e+02,7.084999999999999432e+01,3.999000000000000199e+01
1.326916503906250000e+02,5.000000000000000000e+01,5.000000000000000000e+01,1.087900000000000063e+02,7.121999999999999886e+01,4.000999999999999801e+01
1.336888718605041504e+02,5.000000000000000000e+01,5.000000000000000000e+01,1.091099999999999994e+02,7.143999999999999773e+01,3.999000000000000199e+01
1.346905095577239990e+02,5.000000000000000000e+01,5.000000000000000000e+01,1.095199999999999960e+02,7.173000000000000398e+01,4.006000000000000227e+01
1.356836113929748535e+02,5.000000000000000000e+01,5.000000000000000000e+01,1.098900000000000006e+02,7.182999999999999829e+01,4.022999999999999687e+01
1.366811745166778564e+02,5.000000000000000000e+01,5.000000000000000000e+01,1.103499999999999943e+02,7.195000000000000284e+01,4.022999999999999687e+01
1.376774399280548096e+02,5.000000000000000000e+01,5.000000000000000000e+01,1.108199999999999932e+02,7.231000000000000227e+01,4.028000000000000114e+01
1.386768457889556885e+02,5.000000000000000000e+01,5.000000000000000000e+01,1.112099999999999937e+02,7.256000000000000227e+01,4.021000000000000085e+01
1.396723878383636475e+02,5.000000000000000000e+01,5.000000000000000000e+01,1.117199999999999989e+02,7.295000000000000284e+01,4.032999999999999829e+01
1.406715641021728516e+02,5.000000000000000000e+01,5.000000000000000000e+01,1.120799999999999983e+02,7.306999999999999318e+01,4.045000000000000284e+01
1.416688878536224365e+02,5.000000000000000000e+01,5.000000000000000000e+01,1.125199999999999960e+02,7.345999999999999375e+01,4.053000000000000114e+01
1.426707367897033691e+02,5.000000000000000000e+01,5.000000000000000000e+01,1.129599999999999937e+02,7.323999999999999488e+01,4.054999999999999716e+01
1.436689288616180420e+02,5.000000000000000000e+01,5.000000000000000000e+01,1.133299999999999983e+02,7.379999999999999716e+01,4.064999999999999858e+01
1.446702606678009033e+02,5.000000000000000000e+01,5.000000000000000000e+01,1.137900000000000063e+02,7.400000000000000000e+01,4.070000000000000284e+01
1.456666250228881836e+02,5.000000000000000000e+01,5.000000000000000000e+01,1.142099999999999937e+02,7.418999999999999773e+01,4.075000000000000000e+01
1.466615982055664062e+02,5.000000000000000000e+01,5.000000000000000000e+01,1.145999999999999943e+02,7.456000000000000227e+01,4.077000000000000313e+01
1.476631863117218018e+02,5.000000000000000000e+01,5.000000000000000000e+01,1.150100000000000051e+02,7.434000000000000341e+01,4.077000000000000313e+01
1.486615846157073975e+02,5.000000000000000000e+01,5.000000000000000000e+01,1.155000000000000000e+02,7.484999999999999432e+01,4.096999999999999886e+01
1.496595115661621094e+02,5.000000000000000000e+01,5.000000000000000000e+01,1.158400000000000034e+02,7.500000000000000000e+01,4.093999999999999773e+01
1.506562108993530273e+02,5.000000000000000000e+01,5.000000000000000000e+01,1.162399999999999949e+02,7.523999999999999488e+01,4.102000000000000313e+01
1.516505682468414307e+02,5.000000000000000000e+01,5.000000000000000000e+01,1.166700000000000017e+02,7.515000000000000568e+01,4.103999999999999915e+01
1.526452245712280273e+02,5.000000000000000000e+01,5.000000000000000000e+01,1.170900000000000034e+02,7.551000000000000512e+01,4.115999999999999659e+01
1.536438329219818115e+02,5.000000000000000000e+01,5.000000000000000000e+01,1.174800000000000040e+02,7.554000000000000625e+01,4.115999999999999659e+01
1.546414074897766113e+02,5.000000000000000000e+01,5.000000000000000000e+01,1.179000000000000057e+02,7.584999999999999432e+01,4.118999999999999773e+01
1.556337659358978271e+02,5.000000000000000000e+01,5.000000000000000000e+01,1.180699999999999932e+02,7.606999999999999318e+01,4.121000000000000085e+01
1.566270821094512939e+02,5.000000000000000000e+01,5.000000000000000000e+01,1.185999999999999943e+02,7.620000000000000284e+01,4.128000000000000114e+01
1.576266429424285889e+02,5.000000000000000000e+01,5.000000000000000000e+01,1.190900000000000034e+02,7.668000000000000682e+01,4.121000000000000085e+01
1.586200664043426514e+02,5.000000000000000000e+01,5.000000000000000000e+01,1.194099999999999966e+02,7.660999999999999943e+01,4.138000000000000256e+01
1.596224300861358643e+02,5.000000000000000000e+01,5.000000000000000000e+01,1.196800000000000068e+02,7.681000000000000227e+01,4.142999999999999972e+01
1.606209411621093750e+02,5.000000000000000000e+01,5.000000000000000000e+01,1.200900000000000034e+02,7.709999999999999432e+01,4.142999999999999972e+01
1.616200802326202393e+02,5.000000000000000000e+01,5.000000000000000000e+01,1.204800000000000040e+02,7.709999999999999432e+01,4.150000000000000000e+01
1.626168770790100098e+02,5.000000000000000000e+01,5.000000000000000000e+01,1.209200000000000017e+02,7.729000000000000625e+01,4.170000000000000284e+01
1.636140618324279785e+02,5.000000000000000000e+01,5.000000000000000000e+01,1.213599999999999994e+02,7.748999999999999488e+01,4.175000000000000000e+01
1.646152524948120117e+02,5.000000000000000000e+01,5.000000000000000000e+01,1.215100000000000051e+02,7.782999999999999829e+01,4.170000000000000284e+01
1.656145310401916504e+02,5.000000000000000000e+01,5.000000000000000000e+01,1.220199999999999960e+02,7.800000000000000000e+01,4.182000000000000028e+01
1.666109821796417236e+02,5.000000000000000000e+01,5.000000000000000000e+01,1.223400000000000034e+02,7.798000000000000398e+01,4.179999999999999716e+01
1.676059906482696533e+02,5.000000000000000000e+01,5.000000000000000000e+01,1.227500000000000000e+02,7.846999999999999886e+01,4.189000000000000057e+01
1.686053194999694824e+02,5.000000000000000000e+01,5.000000000000000000e+01,1.230499999999999972e+02,7.826999999999999602e+01,4.196999999999999886e+01
1.696026844978332520e+02,5.000000000000000000e+01,5.000000000000000000e+01,1.233900000000000006e+02,7.839000000000000057e+01,4.203999999999999915e+01
1.706000545024871826e+02,5.000000000000000000e+01,5.000000000000000000e+01,1.238499999999999943e+02,7.887999999999999545e+01,4.207000000000000028e+01
1.716002316474914551e+02,5.000000000000000000e+01,5.000000000000000000e+01,1.240000000000000000e+02,7.882999999999999829e+01,4.215999999999999659e+01
1.726000404357910156e+02,5.000000000000000000e+01,5.000000000000000000e+01,1.244599999999999937e+02,7.912999999999999545e+01,4.224000000000000199e+01
1.736027629375457764e+02,5.000000000000000000e+01,5.000000000000000000e+01,1.247999999999999972e+02,7.925000000000000000e+01,4.228999999999999915e+01
1.746010611057281494e+02,5.000000000000000000e+01,5.000000000000000000e+01,1.251700000000000017e+02,7.948999999999999488e+01,4.215999999999999659e+01
1.756005465984344482e+02,5.000000000000000000e+01,5.000000000000000000e+01,1.255400000000000063e+02,7.951999999999999602e+01,4.242999999999999972e+01
1.766013293266296387e+02,5.000000000000000000e+01,5.000000000000000000e+01,1.258499999999999943e+02,7.993000000000000682e+01,4.242999999999999972e+01
1.775968070030212402e+02,5.000000000000000000e+01,5.000000000000000000e+01,1.262699999999999960e+02,7.987999999999999545e+01,4.238000000000000256e+01
1.785958147048950195e+02,5.000000000000000000e+01,5.000000000000000000e+01,1.266800000000000068e+02,7.995999999999999375e+01,4.247999999999999687e+01
1.795966136455535889e+02,5.000000000000000000e+01,5.000000000000000000e+01,1.269800000000000040e+02,8.000000000000000000e+01,4.263000000000000256e+01
1.805951664447784424e+02,5.000000000000000000e+01,5.000000000000000000e+01,1.274200000000000017e+02,7.995999999999999375e+01,4.271999999999999886e+01
1.815908498764038086e+02,5.000000000000000000e+01,5.000000000000000000e+01,1.277099999999999937e+02,8.051999999999999602e+01,4.270000000000000284e+01
1.825846910476684570e+02,5.000000000000000000e+01,5.000000000000000000e+01,1.281299999999999955e+02,8.059000000000000341e+01,4.270000000000000284e+01
1.835812535285949707e+02,5.000000000000000000e+01,5.000000000000000000e+01,1.283899999999999864e+02,8.064000000000000057e+01,4.277000000000000313e+01
1.845831940174102783e+02,5.000000000000000000e+01,5.000000000000000000e+01,1.287800000000000011e+02,8.098000000000000398e+01,4.264999999999999858e+01
1.855788059234619141e+02,5.000000000000000000e+01,5.000000000000000000e+01,1.290800000000000125e+02,8.087999999999999545e+01,4.270000000000000284e+01
1.865733356475830078e+02,5.000000000000000000e+01,5.000000000000000000e+01,1.294399999999999977e+02,8.112999999999999545e+01,4.270000000000000284e+01
1.875680737495422363e+02,5.000000000000000000e+01,5.000000000000000000e+01,1.298300000000000125e+02,8.093000000000000682e+01,4.275000000000000000e+01
1.885635213851928711e+02,5.000000000000000000e+01,5.000000000000000000e+01,1.301299999999999955e+02,8.142000000000000171e+01,4.271999999999999886e+01
1.895689039230346680e+02,5.000000000000000000e+01,5.000000000000000000e+01,1.305399999999999920e+02,8.145000000000000284e+01,4.292000000000000171e+01
1.905691723823547363e+02,5.000000000000000000e+01,5.000000000000000000e+01,1.308300000000000125e+02,8.156999999999999318e+01,4.289999999999999858e+01
1.915731830596923828e+02,5.000000000000000000e+01,5.000000000000000000e+01,1.311999999999999886e+02,8.187999999999999545e+01,4.296999999999999886e+01
1.925732905864715576e+02,5.000000000000000000e+01,5.000000000000000000e+01,1.315399999999999920e+02,8.184000000000000341e+01,4.303999999999999915e+01
1.935703437328338623e+02,5.000000000000000000e+01,5.000000000000000000e+01,1.319799999999999898e+02,8.209999999999999432e+01,4.307000000000000028e+01
1.945641305446624756e+02,5.000000000000000000e+01,5.000000000000000000e+01,1.323499999999999943e+02,8.240000000000000568e+01,4.299000000000000199e+01
1.955600690841674805e+02,5.000000000000000000e+01,5.000000000000000000e+01,1.326200000000000045e+02,8.231999999999999318e+01,4.315999999999999659e+01
1.965550060272216797e+02,5.000000000000000000e+01,5.000000000000000000e+01,1.331100000000000136e+02,8.250000000000000000e+01,4.321000000000000085e+01
1.975490813255310059e+02,5.000000000000000000e+01,5.000000000000000000e+01,1.332800000000000011e+02,8.267000000000000171e+01,4.318999999999999773e+01
1.985470345020294189e+02,5.000000000000000000e+01,5.000000000000000000e+01,1.337400000000000091e+02,8.256999999999999318e+01,4.324000000000000199e+01
1.995505619049072266e+02,5.000000000000000000e+01,5.000000000000000000e+01,1.341100000000000136e+02,8.306000000000000227e+01,4.328999999999999915e+01
2.005528945922851562e+02,5.000000000000000000e+01,5.000000000000000000e+01,1.344699999999999989e+02,8.337000000000000455e+01,4.332999999999999829e+01
2.015480349063873291e+02,5.000000000000000000e+01,5.000000000000000000e+01,1.348400000000000034e+02,8.337000000000000455e+01,4.340999999999999659e+01
2.025397617816925049e+02,5.000000000000000000e+01,5.000000000000000000e+01,1.351800000000000068e+02,8.376000000000000512e+01,4.340999999999999659e+01
2.035389358997344971e+02,5.000000000000000000e+01,5.000000000000000000e+01,1.355999999999999943e+02,8.368999999999999773e+01,4.346000000000000085e+01
2.045341105461120605e+02,5.000000000000000000e+01,5.000000000000000000e+01,1.360099999999999909e+02,8.362000000000000455e+01,4.370000000000000284e+01
2.055316400527954102e+02,5.000000000000000000e+01,5.000000000000000000e+01,1.363799999999999955e+02,8.354000000000000625e+01,4.363000000000000256e+01
2.065251290798187256e+02,5.000000000000000000e+01,5.000000000000000000e+01,1.366699999999999875e+02,8.432999999999999829e+01,4.363000000000000256e+01
2.075241365432739258e+02,5.000000000000000000e+01,5.000000000000000000e+01,1.369600000000000080e+02,8.415999999999999659e+01,4.370000000000000284e+01
2.085225300788879395e+02,5.000000000000000000e+01,5.000000000000000000e+01,1.373499999999999943e+02,8.428000000000000114e+01,4.370000000000000284e+01
2.095234951972961426e+02,5.000000000000000000e+01,5.000000000000000000e+01,1.377400000000000091e+02,8.451999999999999602e+01,4.363000000000000256e+01
2.105257039070129395e+02,5.000000000000000000e+01,5.000000000000000000e+01,1.380399999999999920e+02,8.467000000000000171e+01,4.372999999999999687e+01
2.115235075950622559e+02,5.000000000000000000e+01,5.000000000000000000e+01,1.383799999999999955e+02,8.485999999999999943e+01,4.363000000000000256e+01
2.125204834938049316e+02,5.000000000000000000e+01,5.000000000000000000e+01,1.387899999999999920e+02,8.495999999999999375e+01,4.363000000000000256e+01
2.135186562538146973e+02,5.000000000000000000e+01,5.000000000000000000e+01,1.393100000000000023e+02,8.510999999999999943e+01,4.379999999999999716e+01
2.145161175727844238e+02,5.000000000000000000e+01,5.000000000000000000e+01,1.394799999999999898e+02,8.529999999999999716e+01,4.377000000000000313e+01
2.155168545246124268e+02,5.000000000000000000e+01,5.000000000000000000e+01,1.398700000000000045e+02,8.529999999999999716e+01,4.392000000000000171e+01
2.165079627037048340e+02,5.000000000000000000e+01,5.000000000000000000e+01,1.403300000000000125e+02,8.528000000000000114e+01,4.399000000000000199e+01
2.175063283443450928e+02,5.000000000000000000e+01,5.000000000000000000e+01,1.405800000000000125e+02,8.534999999999999432e+01,4.409000000000000341e+01
2.185038328170776367e+02,5.000000000000000000e+01,5.000000000000000000e+01,1.408700000000000045e+02,8.556999999999999318e+01,4.414000000000000057e+01
2.195013151168823242e+02,5.000000000000000000e+01,5.000000000000000000e+01,1.413600000000000136e+02,8.559999999999999432e+01,4.411999999999999744e+01
2.204995658397674561e+02,5.000000000000000000e+01,5.000000000000000000e+01,1.416999999999999886e+02,8.581999999999999318e+01,4.409000000000000341e+01
2.214960236549377441e+02,5.000000000000000000e+01,5.000000000000000000e+01,1.418899999999999864e+02,8.607999999999999829e+01,4.418999999999999773e+01
2.224987046718597412e+02,5.000000000000000000e+01,5.000000000000000000e+01,1.423600000000000136e+02,8.615999999999999659e+01,4.424000000000000199e+01
2.234960415363311768e+02,5.000000000000000000e+01,5.000000000000000000e+01,1.428000000000000114e+02,8.645000000000000284e+01,4.425999999999999801e+01
2.244950060844421387e+02,5.000000000000000000e+01,5.000000000000000000e+01,1.430900000000000034e+02,8.651999999999999602e+01,4.431000000000000227e+01
2.254959211349487305e+02,5.000000000000000000e+01,5.000000000000000000e+01,1.436299999999999955e+02,8.650000000000000000e+01,4.438000000000000256e+01
2.264911217689514160e+02,5.000000000000000000e+01,5.000000000000000000e+01,1.439000000000000057e+02,8.656999999999999318e+01,4.438000000000000256e+01
2.274922549724578857e+02,5.000000000000000000e+01,5.000000000000000000e+01,1.442400000000000091e+02,8.710999999999999943e+01,4.442999999999999972e+01
2.284886538982391357e+02,5.000000000000000000e+01,5.000000000000000000e+01,1.447500000000000000e+02,8.732999999999999829e+01,4.457999999999999829e+01
2.294903118610382080e+02,5.000000000000000000e+01,5.000000000000000000e+01,1.450399999999999920e+02,8.701000000000000512e+01,4.467999999999999972e+01
2.304861845970153809e+02,5.000000000000000000e+01,5.000000000000000000e+01,1.453600000000000136e+02,8.723000000000000398e+01,4.467999999999999972e+01
2.314841976165771484e+02,5.000000000000000000e+01,5.000000000000000000e+01,1.456999999999999886e+02,8.771999999999999886e+01,4.457999999999999829e+01
2.324768249988555908e+02,5.000000000000000000e+01,5.000000000000000000e+01,1.461200000000000045e+02,8.770000000000000284e+01,4.464999999999999858e+01
2.334766867160797119e+02,5.000000000000000000e+01,5.000000000000000000e+01,1.465300000000000011e+02,8.765000000000000568e+01,4.472999999999999687e+01
2.344729106426239014e+02,5.000000000000000000e+01,5.000000000000000000e+01,1.468499999999999943e+02,8.806000000000000227e+01,4.470000000000000284e+01
2.354668955802917480e+02,5.000000000000000000e+01,5.000000000000000000e+01,1.472199999999999989e+02,8.792000000000000171e+01,4.485000000000000142e+01
2.364625589847564697e+02,5.000000000000000000e+01,5.000000000000000000e+01,1.476800000000000068e+02,8.809000000000000341e+01,4.482000000000000028e+01
2.374592847824096680e+02,5.000000000000000000e+01,5.000000000000000000e+01,1.479199999999999875e+02,8.812999999999999545e+01,4.489999999999999858e+01
2.384612691402435303e+02,5.000000000000000000e+01,5.000000000000000000e+01,1.483400000000000034e+02,8.876999999999999602e+01,4.509000000000000341e+01
2.394616265296936035e+02,5.000000000000000000e+01,5.000000000000000000e+01,1.487299999999999898e+02,8.837999999999999545e+01,4.514000000000000057e+01
2.404617552757263184e+02,5.000000000000000000e+01,5.000000000000000000e+01,1.490699999999999932e+02,8.884000000000000341e+01,4.509000000000000341e+01
2.414666640758514404e+02,5.000000000000000000e+01,5.000000000000000000e+01,1.495600000000000023e+02,8.926000000000000512e+01,4.511999999999999744e+01
2.424610195159912109e+02,5.000000000000000000e+01,5.000000000000000000e+01,1.499300000000000068e+02,8.884000000000000341e+01,4.517000000000000171e+01
2.434565443992614746e+02,5.000000000000000000e+01,5.000000000000000000e+01,1.502899999999999920e+02,8.910999999999999943e+01,4.524000000000000199e+01
2.444509775638580322e+02,5.000000000000000000e+01,5.000000000000000000e+01,1.503899999999999864e+02,8.910999999999999943e+01,4.518999999999999773e+01
2.454469611644744873e+02,5.000000000000000000e+01,5.000000000000000000e+01,1.508499999999999943e+02,8.915999999999999659e+01,4.525999999999999801e+01
2.464407672882080078e+02,5.000000000000000000e+01,5.000000000000000000e+01,1.510500000000000114e+02,8.950000000000000000e+01,4.521000000000000085e+01
2.474376022815704346e+02,5.000000000000000000e+01,5.000000000000000000e+01,1.516100000000000136e+02,8.984000000000000341e+01,4.539000000000000057e+01
2.484315071105957031e+02,5.000000000000000000e+01,5.000000000000000000e+01,1.520300000000000011e+02,9.015999999999999659e+01,4.557999999999999829e+01
2.494305303096771240e+02,5.000000000000000000e+01,5.000000000000000000e+01,1.523199999999999932e+02,8.993999999999999773e+01,4.557999999999999829e+01
2.504264669418334961e+02,5.000000000000000000e+01,5.000000000000000000e+01,1.526599999999999966e+02,9.018999999999999773e+01,4.560999999999999943e+01
2.514244670867919922e+02,5.000000000000000000e+01,5.000000000000000000e+01,1.530800000000000125e+02,9.018999999999999773e+01,4.567999999999999972e+01
2.524257428646087646e+02,5.000000000000000000e+01,5.000000000000000000e+01,1.533400000000000034e+02,9.043000000000000682e+01,4.560999999999999943e+01
2.534224917888641357e+02,5.000000000000000000e+01,5.000000000000000000e+01,1.536100000000000136e+02,9.070000000000000284e+01,4.570000000000000284e+01
2.544132812023162842e+02,5.000000000000000000e+01,5.000000000000000000e+01,1.541500000000000057e+02,9.076999999999999602e+01,4.585000000000000142e+01
2.554158065319061279e+02,5.000000000000000000e+01,5.000000000000000000e+01,1.544399999999999977e+02,9.070000000000000284e+01,4.592000000000000171e+01
2.564201867580413818e+02,5.000000000000000000e+01,5.000000000000000000e+01,1.548100000000000023e+02,9.084000000000000341e+01,4.602000000000000313e+01
2.574180021286010742e+02,5.000000000000000000e+01,5.000000000000000000e+01,1.552199999999999989e+02,9.106000000000000227e+01,4.607000000000000028e+01
2.584179594516754150e+02,5.000000000000000000e+01,5.000000000000000000e+01,1.555200000000000102e+02,9.092000000000000171e+01,4.607000000000000028e+01
2.594146921634674072e+02,5.000000000000000000e+01,5.000000000000000000e+01,1.558799999999999955e+02,9.126000000000000512e+01,4.617000000000000171e+01
2.604170196056365967e+02,5.000000000000000000e+01,5.000000000000000000e+01,1.561999999999999886e+02,9.110999999999999943e+01,4.611999999999999744e+01
2.614171619415283203e+02,5.000000000000000000e+01,5.000000000000000000e+01,1.567100000000000080e+02,9.132999999999999829e+01,4.614000000000000057e+01
2.624224162101745605e+02,5.000000000000000000e+01,5.000000000000000000e+01,1.569099999999999966e+02,9.126000000000000512e+01,4.614000000000000057e+01
2.634136271476745605e+02,5.000000000000000000e+01,5.000000000000000000e+01,1.572299999999999898e+02,9.145999999999999375e+01,4.624000000000000199e+01
2.644107372760772705e+02,5.000000000000000000e+01,5.000000000000000000e+01,1.575699999999999932e+02,9.167000000000000171e+01,4.634000000000000341e+01
2.654076800346374512e+02,5.000000000000000000e+01,5.000000000000000000e+01,1.578899999999999864e+02,9.171999999999999886e+01,4.634000000000000341e+01
2.664060368537902832e+02,5.000000000000000000e+01,5.000000000000000000e+01,1.581299999999999955e+02,9.218999999999999773e+01,4.628999999999999915e+01
2.674031772613525391e+02,5.000000000000000000e+01,5.000000000000000000e+01,1.587400000000000091e+02,9.204000000000000625e+01,4.634000000000000341e+01
2.683958966732025146e+02,5.000000000000000000e+01,5.000000000000000000e+01,1.590600000000000023e+02,9.215999999999999659e+01,4.650999999999999801e+01
2.693967797756195068e+02,5.000000000000000000e+01,5.000000000000000000e+01,1.593799999999999955e+02,9.184999999999999432e+01,4.665999999999999659e+01
2.703962814807891846e+02,5.000000000000000000e+01,5.000000000000000000e+01,1.599399999999999977e+02,9.218999999999999773e+01,4.663000000000000256e+01
2.713994369506835938e+02,5.000000000000000000e+01,5.000000000000000000e+01,1.598400000000000034e+02,9.201999999999999602e+01,4.660999999999999943e+01
2.723951556682586670e+02,5.000000000000000000e+01,5.000000000000000000e+01,1.600099999999999909e+02,9.245999999999999375e+01,4.660999999999999943e+01
2.733956537246704102e+02,5.000000000000000000e+01,5.000000000000000000e+01,1.692599999999999909e+02,9.220999999999999375e+01,4.657999999999999829e+01
2.743952095508575439e+02,5.000000000000000000e+01,5.000000000000000000e+01,1.710699999999999932e+02,9.271999999999999886e+01,4.657999999999999829e+01
2.753925640583038330e+02,5.000000000000000000e+01,5.000000000000000000e+01,1.716800000000000068e+02,9.268000000000000682e+01,4.657999999999999829e+01
2.763920259475708008e+02,5.000000000000000000e+01,5.000000000000000000e+01,1.712899999999999920e+02,9.257999999999999829e+01,4.663000000000000256e+01
2.773844723701477051e+02,5.000000000000000000e+01,5.000000000000000000e+01,1.703600000000000136e+02,9.293999999999999773e+01,4.663000000000000256e+01
2.783778152465820312e+02,5.000000000000000000e+01,5.000000000000000000e+01,1.705300000000000011e+02,9.271999999999999886e+01,4.675000000000000000e+01
2.793754360675811768e+02,5.000000000000000000e+01,5.000000000000000000e+01,1.740500000000000114e+02,9.290000000000000568e+01,4.682999999999999829e+01
2.803688488006591797e+02,5.000000000000000000e+01,5.000000000000000000e+01,1.743199999999999932e+02,9.275000000000000000e+01,4.678000000000000114e+01
2.813636863231658936e+02,5.000000000000000000e+01,5.000000000000000000e+01,1.728499999999999943e+02,9.312000000000000455e+01,4.685000000000000142e+01
2.823611838817596436e+02,5.000000000000000000e+01,5.000000000000000000e+01,1.658899999999999864e+02,9.320999999999999375e+01,4.685000000000000142e+01
2.833583242893218994e+02,5.000000000000000000e+01,5.000000000000000000e+01,1.655500000000000114e+02,9.353000000000000114e+01,4.692000000000000171e+01
2.843497920036315918e+02,5.000000000000000000e+01,5.000000000000000000e+01,1.844199999999999875e+02,9.351000000000000512e+01,4.702000000000000313e+01
2.853481414318084717e+02,5.000000000000000000e+01,5.000000000000000000e+01,1.747800000000000011e+02,9.351000000000000512e+01,4.707000000000000028e+01
2.863395664691925049e+02,5.000000000000000000e+01,5.000000000000000000e+01,1.793899999999999864e+02,9.340999999999999659e+01,4.709000000000000341e+01
2.873416030406951904e+02,5.000000000000000000e+01,5.000000000000000000e+01,1.777100000000000080e+02,9.373000000000000398e+01,4.704999999999999716e+01
2.883363056182861328e+02,5.000000000000000000e+01,5.000000000000000000e+01,1.750500000000000114e+02,9.379999999999999716e+01,4.709000000000000341e+01
2.893365342617034912e+02,5.000000000000000000e+01,5.000000000000000000e+01,1.752899999999999920e+02,9.370000000000000284e+01,4.721999999999999886e+01
2.903303153514862061e+02,5.000000000000000000e+01,5.000000000000000000e+01,1.769799999999999898e+02,9.409000000000000341e+01,4.717000000000000171e+01
2.913292219638824463e+02,5.000000000000000000e+01,5.000000000000000000e+01,1.761500000000000057e+02,9.392000000000000171e+01,4.727000000000000313e+01
2.923286240100860596e+02,5.000000000000000000e+01,5.000000000000000000e+01,1.775399999999999920e+02,9.429000000000000625e+01,4.727000000000000313e+01
2.933206896781921387e+02,5.000000000000000000e+01,5.000000000000000000e+01,1.774199999999999875e+02,9.448000000000000398e+01,4.728999999999999915e+01
2.943215565681457520e+02,5.000000000000000000e+01,5.000000000000000000e+01,1.776100000000000136e+02,9.420999999999999375e+01,4.743999999999999773e+01
2.953223791122436523e+02,5.000000000000000000e+01,5.000000000000000000e+01,1.778600000000000136e+02,9.465000000000000568e+01,4.735999999999999943e+01
2.963172318935394287e+02,5.000000000000000000e+01,5.000000000000000000e+01,1.784900000000000091e+02,9.473000000000000398e+01,4.740999999999999659e+01
2.973137512207031250e+02,5.000000000000000000e+01,5.000000000000000000e+01,1.788100000000000023e+02,9.504000000000000625e+01,4.740999999999999659e+01
2.983064575195312500e+02,5.000000000000000000e+01,5.000000000000000000e+01,1.801999999999999886e+02,9.470000000000000284e+01,4.765999999999999659e+01
2.993044524192810059e+02,5.000000000000000000e+01,5.000000000000000000e+01,1.794699999999999989e+02,9.492000000000000171e+01,4.756000000000000227e+01
3.003003518581390381e+02,5.000000000000000000e+01,5.000000000000000000e+01,1.794199999999999875e+02,9.500000000000000000e+01,4.749000000000000199e+01
3.013021926879882812e+02,5.000000000000000000e+01,5.000000000000000000e+01,1.796599999999999966e+02,9.495000000000000284e+01,4.763000000000000256e+01
3.023050990104675293e+02,5.000000000000000000e+01,5.000000000000000000e+01,1.775399999999999920e+02,9.501999999999999602e+01,4.750999999999999801e+01
3.033051812648773193e+02,5.000000000000000000e+01,5.000000000000000000e+01,1.793899999999999864e+02,9.500000000000000000e+01,4.750999999999999801e+01
3.043076639175415039e+02,5.000000000000000000e+01,5.000000000000000000e+01,1.795200000000000102e+02,9.540999999999999659e+01,4.750999999999999801e+01
3.053101305961608887e+02,5.000000000000000000e+01,5.000000000000000000e+01,1.796399999999999864e+02,9.560999999999999943e+01,4.753000000000000114e+01
3.063067326545715332e+02,5.000000000000000000e+01,5.000000000000000000e+01,1.798100000000000023e+02,9.556000000000000227e+01,4.756000000000000227e+01
3.072993359565734863e+02,5.000000000000000000e+01,5.000000000000000000e+01,1.799799999999999898e+02,9.520999999999999375e+01,4.765999999999999659e+01
3.082959842681884766e+02,5.000000000000000000e+01,5.000000000000000000e+01,1.810300000000000011e+02,9.545999999999999375e+01,4.763000000000000256e+01
3.092933995723724365e+02,5.000000000000000000e+01,5.000000000000000000e+01,1.811999999999999886e+02,9.562999999999999545e+01,4.767999999999999972e+01
3.102875862121582031e+02,5.000000000000000000e+01,5.000000000000000000e+01,1.801800000000000068e+02,9.551000000000000512e+01,4.760999999999999943e+01
3.112856528759002686e+02,5.000000000000000000e+01,5.000000000000000000e+01,1.802500000000000000e+02,9.562999999999999545e+01,4.778000000000000114e+01
3.122793548107147217e+02,5.000000000000000000e+01,5.000000000000000000e+01,1.789799999999999898e+02,9.573000000000000398e+01,4.782999999999999829e+01
3.132726984024047852e+02,5.000000000000000000e+01,5.000000000000000000e+01,1.784399999999999977e+02,9.629000000000000625e+01,4.788000000000000256e+01
3.142691333293914795e+02,5.000000000000000000e+01,5.000000000000000000e+01,1.830099999999999909e+02,9.629000000000000625e+01,4.796999999999999886e+01
3.152629215717315674e+02,5.000000000000000000e+01,5.000000000000000000e+01,1.792199999999999989e+02,9.614000000000000057e+01,4.811999999999999744e+01
3.162562184333801270e+02,5.000000000000000000e+01,5.000000000000000000e+01,1.816200000000000045e+02,9.635999999999999943e+01,4.796999999999999886e+01
3.172563023567199707e+02,5.000000000000000000e+01,5.000000000000000000e+01,1.820800000000000125e+02,9.668000000000000682e+01,4.796999999999999886e+01
3.182576715946197510e+02,5.000000000000000000e+01,5.000000000000000000e+01,1.818799999999999955e+02,9.692000000000000171e+01,4.810000000000000142e+01
3.192622308731079102e+02,5.000000000000000000e+01,5.000000000000000000e+01,1.840600000000000023e+02,9.692000000000000171e+01,4.807000000000000028e+01
3.202580699920654297e+02,5.000000000000000000e+01,5.000000000000000000e+01,1.844699999999999989e+02,9.678000000000000114e+01,4.800000000000000000e+01
3.212586247920989990e+02,5.000000000000000000e+01,5.000000000000000000e+01,1.847400000000000091e+02,9.687999999999999545e+01,4.810000000000000142e+01
3.222563037872314453e+02,5.000000000000000000e+01,5.000000000000000000e+01,1.858400000000000034e+02,9.723999999999999488e+01,4.810000000000000142e+01
3.232530822753906250e+02,5.000000000000000000e+01,5.000000000000000000e+01,1.868400000000000034e+02,9.726999999999999602e+01,4.811999999999999744e+01
3.242517235279083252e+02,5.000000000000000000e+01,5.000000000000000000e+01,1.873300000000000125e+02,9.753000000000000114e+01,4.810000000000000142e+01
3.252564651966094971e+02,5.000000000000000000e+01,5.000000000000000000e+01,1.879199999999999875e+02,9.792000000000000171e+01,4.821999999999999886e+01
3.262629842758178711e+02,5.000000000000000000e+01,5.000000000000000000e+01,1.886999999999999886e+02,9.775000000000000000e+01,4.834000000000000341e+01
3.272577161788940430e+02,5.000000000000000000e+01,5.000000000000000000e+01,1.893100000000000023e+02,9.782999999999999829e+01,4.827000000000000313e+01
3.282549419403076172e+02,5.000000000000000000e+01,5.000000000000000000e+01,1.899199999999999875e+02,9.778000000000000114e+01,4.843999999999999773e+01
3.292465231418609619e+02,5.000000000000000000e+01,5.000000000000000000e+01,1.903300000000000125e+02,9.823999999999999488e+01,4.856000000000000227e+01
3.302452833652496338e+02,5.000000000000000000e+01,5.000000000000000000e+01,1.908000000000000114e+02,9.839000000000000057e+01,4.849000000000000199e+01
3.312365658283233643e+02,5.000000000000000000e+01,5.000000000000000000e+01,1.912599999999999909e+02,9.809999999999999432e+01,4.857999999999999829e+01
3.322312314510345459e+02,5.000000000000000000e+01,5.000000000000000000e+01,1.915500000000000114e+02,9.834000000000000341e+01,4.853999999999999915e+01
3.332279961109161377e+02,5.000000000000000000e+01,5.000000000000000000e+01,1.921899999999999977e+02,9.829000000000000625e+01,4.867999999999999972e+01
3.342293984889984131e+02,5.000000000000000000e+01,5.000000000000000000e+01,1.923600000000000136e+02,9.878000000000000114e+01,4.850999999999999801e+01
3.352291908264160156e+02,5.000000000000000000e+01,5.000000000000000000e+01,1.928499999999999943e+02,9.887999999999999545e+01,4.865999999999999659e+01
3.362308073043823242e+02,5.000000000000000000e+01,5.000000000000000000e+01,1.929399999999999977e+02,9.865999999999999659e+01,4.860999999999999943e+01
3.372299933433532715e+02,5.000000000000000000e+01,5.000000000000000000e+01,1.932899999999999920e+02,9.878000000000000114e+01,4.875000000000000000e+01
3.382254095077514648e+02,5.000000000000000000e+01,5.000000000000000000e+01,1.936500000000000057e+02,9.882999999999999829e+01,4.888000000000000256e+01
3.392224235534667969e+02,5.000000000000000000e+01,5.000000000000000000e+01,1.939699999999999989e+02,9.887999999999999545e+01,4.910000000000000142e+01
3.402207691669464111e+02,5.000000000000000000e+01,5.000000000000000000e+01,1.943600000000000136e+02,9.917000000000000171e+01,4.907000000000000028e+01
3.412150731086730957e+02,5.000000000000000000e+01,5.000000000000000000e+01,1.943400000000000034e+02,9.937000000000000455e+01,4.895000000000000284e+01
3.422130973339080811e+02,5.000000000000000000e+01,5.000000000000000000e+01,1.950000000000000000e+02,9.890000000000000568e+01,4.900000000000000000e+01
3.432156803607940674e+02,5.000000000000000000e+01,5.000000000000000000e+01,1.949699999999999989e+02,9.937000000000000455e+01,4.907000000000000028e+01
3.442108302116394043e+02,5.000000000000000000e+01,5.000000000000000000e+01,1.953600000000000136e+02,9.960999999999999943e+01,4.928999999999999915e+01
3.452087819576263428e+02,5.000000000000000000e+01,5.000000000000000000e+01,1.955300000000000011e+02,9.954000000000000625e+01,4.940999999999999659e+01
3.462064180374145508e+02,5.000000000000000000e+01,5.000000000000000000e+01,1.957800000000000011e+02,9.951000000000000512e+01,4.950999999999999801e+01
3.472076358795166016e+02,5.000000000000000000e+01,5.000000000000000000e+01,1.959199999999999875e+02,9.982999999999999829e+01,4.940999999999999659e+01
3.482082746028900146e+02,5.000000000000000000e+01,5.000000000000000000e+01,1.960699999999999932e+02,9.970999999999999375e+01,4.950999999999999801e+01
3.492069303989410400e+02,5.000000000000000000e+01,5.000000000000000000e+01,1.965600000000000023e+02,9.960999999999999943e+01,4.946000000000000085e+01
3.502018463611602783e+02,5.000000000000000000e+01,5.000000000000000000e+01,1.965300000000000011e+02,9.962999999999999545e+01,4.960999999999999943e+01
3.512019689083099365e+02,5.000000000000000000e+01,5.000000000000000000e+01,1.964399999999999977e+02,9.970999999999999375e+01,4.940999999999999659e+01
3.521981298923492432e+02,5.000000000000000000e+01,5.000000000000000000e+01,1.969699999999999989e+02,9.973000000000000398e+01,4.943999999999999773e+01
3.531995263099670410e+02,5.000000000000000000e+01,5.000000000000000000e+01,1.969699999999999989e+02,9.957999999999999829e+01,4.950999999999999801e+01
3.541979298591613770e+02,5.000000000000000000e+01,5.000000000000000000e+01,1.970699999999999932e+02,9.979999999999999716e+01,4.943999999999999773e+01
3.551925575733184814e+02,5.000000000000000000e+01,5.000000000000000000e+01,1.974900000000000091e+02,9.973000000000000398e+01,4.953999999999999915e+01
3.561911201477050781e+02,5.000000000000000000e+01,5.000000000000000000e+01,1.974399999999999977e+02,1.002399999999999949e+02,4.946000000000000085e+01
3.571881928443908691e+02,5.000000000000000000e+01,5.000000000000000000e+01,1.974399999999999977e+02,1.002000000000000028e+02,4.936999999999999744e+01
3.581937713623046875e+02,5.000000000000000000e+01,5.000000000000000000e+01,1.978499999999999943e+02,1.004899999999999949e+02,4.946000000000000085e+01
3.591870100498199463e+02,5.000000000000000000e+01,5.000000000000000000e+01,1.979000000000000057e+02,1.002000000000000028e+02,4.936999999999999744e+01
3.601790304183959961e+02,5.000000000000000000e+01,5.000000000000000000e+01,1.981899999999999977e+02,1.001200000000000045e+02,4.949000000000000199e+01
3.611751773357391357e+02,5.000000000000000000e+01,5.000000000000000000e+01,1.985399999999999920e+02,1.002199999999999989e+02,4.960999999999999943e+01
3.621677925586700439e+02,5.000000000000000000e+01,5.000000000000000000e+01,1.985099999999999909e+02,1.003700000000000045e+02,4.949000000000000199e+01
3.631697797775268555e+02,5.000000000000000000e+01,5.000000000000000000e+01,1.989499999999999886e+02,1.000999999999999943e+02,4.953999999999999915e+01
3.641635890007019043e+02,5.000000000000000000e+01,5.000000000000000000e+01,1.989699999999999989e+02,1.007099999999999937e+02,4.960999999999999943e+01
3.651614234447479248e+02,5.000000000000000000e+01,5.000000000000000000e+01,1.990000000000000000e+02,1.005100000000000051e+02,4.957999999999999829e+01
3.661609947681427002e+02,5.000000000000000000e+01,5.000000000000000000e+01,1.993899999999999864e+02,1.007600000000000051e+02,4.950999999999999801e+01
3.671624221801757812e+02,5.000000000000000000e+01,5.000000000000000000e+01,1.994099999999999966e+02,1.005600000000000023e+02,4.957999999999999829e+01
3.681645014286041260e+02,5.000000000000000000e+01,5.000000000000000000e+01,1.995399999999999920e+02,1.008799999999999955e+02,4.957999999999999829e+01
3.691632347106933594e+02,5.000000000000000000e+01,5.000000000000000000e+01,1.999300000000000068e+02,1.009500000000000028e+02,4.963000000000000256e+01
3.701581442356109619e+02,5.000000000000000000e+01,5.000000000000000000e+01,1.999300000000000068e+02,1.008299999999999983e+02,4.982999999999999829e+01
3.711509764194488525e+02,5.000000000000000000e+01,5.000000000000000000e+01,2.002899999999999920e+02,1.014599999999999937e+02,4.992999999999999972e+01
3.721468684673309326e+02,5.000000000000000000e+01,5.000000000000000000e+01,2.003899999999999864e+02,1.013199999999999932e+02,4.997999999999999687e+01
3.731438195705413818e+02,5.000000000000000000e+01,5.000000000000000000e+01,2.005399999999999920e+02,1.014599999999999937e+02,4.997999999999999687e+01
3.741415290832519531e+02,5.000000000000000000e+01,5.000000000000000000e+01,2.009499999999999886e+02,1.012900000000000063e+02,5.004999999999999716e+01
3.751417493820190430e+02,5.000000000000000000e+01,5.000000000000000000e+01,2.009499999999999886e+02,1.014899999999999949e+02,5.010000000000000142e+01
3.761350157260894775e+02,5.000000000000000000e+01,5.000000000000000000e+01,2.013700000000000045e+02,1.015100000000000051e+02,5.020000000000000284e+01
3.771311242580413818e+02,5.000000000000000000e+01,5.000000000000000000e+01,2.013700000000000045e+02,1.018100000000000023e+02,5.021999999999999886e+01
3.781300821304321289e+02,5.000000000000000000e+01,5.000000000000000000e+01,2.016399999999999864e+02,1.014399999999999977e+02,5.032000000000000028e+01
3.791283874511718750e+02,5.000000000000000000e+01,5.000000000000000000e+01,2.017599999999999909e+02,1.016599999999999966e+02,5.028999999999999915e+01
3.801277849674224854e+02,5.000000000000000000e+01,5.000000000000000000e+01,2.018600000000000136e+02,1.014200000000000017e+02,5.024000000000000199e+01
3.811224122047424316e+02,5.000000000000000000e+01,5.000000000000000000e+01,2.018100000000000023e+02,1.016400000000000006e+02,5.017000000000000171e+01
3.821163606643676758e+02,5.000000000000000000e+01,5.000000000000000000e+01,2.018600000000000136e+02,1.018100000000000023e+02,5.010000000000000142e+01
3.831227169036865234e+02,5.000000000000000000e+01,5.000000000000000000e+01,2.021999999999999886e+02,1.020000000000000000e+02,5.021999999999999886e+01
3.841186344623565674e+02,5.000000000000000000e+01,5.000000000000000000e+01,2.022899999999999920e+02,1.021200000000000045e+02,5.032000000000000028e+01
3.851204729080200195e+02,5.000000000000000000e+01,5.000000000000000000e+01,2.024399999999999977e+02,1.021700000000000017e+02,5.050999999999999801e+01
3.861168496608734131e+02,5.000000000000000000e+01,5.000000000000000000e+01,2.025099999999999909e+02,1.020000000000000000e+02,5.042000000000000171e+01
3.871097803115844727e+02,5.000000000000000000e+01,5.000000000000000000e+01,2.025900000000000034e+02,1.020799999999999983e+02,5.042000000000000171e+01
3.881068542003631592e+02,5.000000000000000000e+01,5.000000000000000000e+01,2.028799999999999955e+02,1.020000000000000000e+02,5.049000000000000199e+01
3.891029286384582520e+02,5.000000000000000000e+01,5.000000000000000000e+01,2.028300000000000125e+02,1.021500000000000057e+02,5.046000000000000085e+01
3.900989291667938232e+02,5.000000000000000000e+01,5.000000000000000000e+01,2.028300000000000125e+02,1.019300000000000068e+02,5.039000000000000057e+01
3.910994606018066406e+02,5.000000000000000000e+01,5.000000000000000000e+01,2.027800000000000011e+02,1.021500000000000057e+02,5.039000000000000057e+01
3.920954570770263672e+02,5.000000000000000000e+01,5.000000000000000000e+01,2.028100000000000023e+02,1.021500000000000057e+02,5.042000000000000171e+01
3.930899720191955566e+02,5.000000000000000000e+01,5.000000000000000000e+01,2.030500000000000114e+02,1.020499999999999972e+02,5.042000000000000171e+01
3.940860009193420410e+02,5.000000000000000000e+01,5.000000000000000000e+01,2.032500000000000000e+02,1.022500000000000000e+02,5.049000000000000199e+01
3.950822217464447021e+02,5.000000000000000000e+01,5.000000000000000000e+01,2.033700000000000045e+02,1.026099999999999994e+02,5.042000000000000171e+01
3.960798120498657227e+02,5.000000000000000000e+01,5.000000000000000000e+01,2.032700000000000102e+02,1.024200000000000017e+02,5.032000000000000028e+01
3.970786149501800537e+02,5.000000000000000000e+01,5.000000000000000000e+01,2.033700000000000045e+02,1.024399999999999977e+02,5.043999999999999773e+01
3.980752179622650146e+02,5.000000000000000000e+01,5.000000000000000000e+01,2.034699999999999989e+02,1.027099999999999937e+02,5.056000000000000227e+01
3.990743527412414551e+02,5.000000000000000000e+01,5.000000000000000000e+01,2.036899999999999977e+02,1.026099999999999994e+02,5.046000000000000085e+01
4.000745503902435303e+02,5.000000000000000000e+01,5.000000000000000000e+01,2.038300000000000125e+02,1.029300000000000068e+02,5.050999999999999801e+01
4.010741934776306152e+02,5.000000000000000000e+01,5.000000000000000000e+01,2.039099999999999966e+02,1.024399999999999977e+02,5.050999999999999801e+01
4.020710711479187012e+02,5.000000000000000000e+01,5.000000000000000000e+01,2.041999999999999886e+02,1.027600000000000051e+02,5.053999999999999915e+01
4.030636770725250244e+02,5.000000000000000000e+01,5.000000000000000000e+01,2.042500000000000000e+02,1.029800000000000040e+02,5.050999999999999801e+01
4.040571234226226807e+02,5.000000000000000000e+01,5.000000000000000000e+01,2.043199999999999932e+02,1.031700000000000017e+02,5.078000000000000114e+01
4.050510978698730469e+02,5.000000000000000000e+01,5.000000000000000000e+01,2.045699999999999932e+02,1.027600000000000051e+02,5.089999999999999858e+01
4.060480720996856689e+02,5.000000000000000000e+01,5.000000000000000000e+01,2.048600000000000136e+02,1.032699999999999960e+02,5.104999999999999716e+01
4.070442798137664795e+02,5.000000000000000000e+01,5.000000000000000000e+01,2.049099999999999966e+02,1.032000000000000028e+02,5.097999999999999687e+01
4.080427100658416748e+02,5.000000000000000000e+01,5.000000000000000000e+01,2.052199999999999989e+02,1.034699999999999989e+02,5.089999999999999858e+01
4.090373620986938477e+02,5.000000000000000000e+01,5.000000000000000000e+01,2.052500000000000000e+02,1.037099999999999937e+02,5.092999999999999972e+01
4.100357985496520996e+02,5.000000000000000000e+01,5.000000000000000000e+01,2.053000000000000114e+02,1.037600000000000051e+02,5.089999999999999858e+01
4.110311880111694336e+02,5.000000000000000000e+01,5.000000000000000000e+01,2.053499999999999943e+02,1.036099999999999994e+02,5.092999999999999972e+01
4.120316183567047119e+02,5.000000000000000000e+01,5.000000000000000000e+01,2.055399999999999920e+02,1.035400000000000063e+02,5.103000000000000114e+01
4.130312325954437256e+02,5.000000000000000000e+01,5.000000000000000000e+01,2.056599999999999966e+02,1.037600000000000051e+02,5.092999999999999972e+01
4.140312278270721436e+02,5.000000000000000000e+01,5.000000000000000000e+01,2.058300000000000125e+02,1.035400000000000063e+02,5.103000000000000114e+01
4.150265476703643799e+02,5.000000000000000000e+01,5.000000000000000000e+01,2.058100000000000023e+02,1.034699999999999989e+02,5.092999999999999972e+01
4.160242145061492920e+02,5.000000000000000000e+01,5.000000000000000000e+01,2.058799999999999955e+02,1.033199999999999932e+02,5.089999999999999858e+01
4.170256075859069824e+02,5.000000000000000000e+01,5.000000000000000000e+01,2.060300000000000011e+02,1.037600000000000051e+02,5.095000000000000284e+01
4.180225825309753418e+02,5.000000000000000000e+01,5.000000000000000000e+01,2.062500000000000000e+02,1.037399999999999949e+02,5.100000000000000000e+01
4.190181341171264648e+02,5.000000000000000000e+01,5.000000000000000000e+01,2.062299999999999898e+02,1.041700000000000017e+02,5.097999999999999687e+01
4.200156238079071045e+02,5.000000000000000000e+01,5.000000000000000000e+01,2.064900000000000091e+02,1.039800000000000040e+02,5.110000000000000142e+01
4.210088474750518799e+02,5.000000000000000000e+01,5.000000000000000000e+01,2.066200000000000045e+02,1.042999999999999972e+02,5.114999999999999858e+01
4.220035016536712646e+02,5.000000000000000000e+01,5.000000000000000000e+01,2.067599999999999909e+02,1.041500000000000057e+02,5.132000000000000028e+01
4.229991619586944580e+02,5.000000000000000000e+01,5.000000000000000000e+01,2.067599999999999909e+02,1.040999999999999943e+02,5.121999999999999886e+01
4.239914436340332031e+02,5.000000000000000000e+01,5.000000000000000000e+01,2.067599999999999909e+02,1.043199999999999932e+02,5.127000000000000313e+01
4.249889204502105713e+02,5.000000000000000000e+01,5.000000000000000000e+01,2.068400000000000034e+02,1.039599999999999937e+02,5.120000000000000284e+01
4.259853425025939941e+02,5.000000000000000000e+01,5.000000000000000000e+01,2.069099999999999966e+02,1.041700000000000017e+02,5.125000000000000000e+01
4.269912714958190918e+02,5.000000000000000000e+01,5.000000000000000000e+01,2.070300000000000011e+02,1.041700000000000017e+02,5.107000000000000028e+01
4.279883694648742676e+02,5.000000000000000000e+01,5.000000000000000000e+01,2.071800000000000068e+02,1.040300000000000011e+02,5.110000000000000142e+01
4.289835240840911865e+02,5.000000000000000000e+01,5.000000000000000000e+01,2.072500000000000000e+02,1.041700000000000017e+02,5.111999999999999744e+01
4.299774899482727051e+02,5.000000000000000000e+01,5.000000000000000000e+01,2.072500000000000000e+02,1.041700000000000017e+02,5.111999999999999744e+01
4.309804637432098389e+02,5.000000000000000000e+01,5.000000000000000000e+01,2.072800000000000011e+02,1.042500000000000000e+02,5.103000000000000114e+01
4.319793550968170166e+02,5.000000000000000000e+01,5.000000000000000000e+01,2.074499999999999886e+02,1.040300000000000011e+02,5.110000000000000142e+01
4.329802713394165039e+02,5.000000000000000000e+01,5.000000000000000000e+01,2.074699999999999989e+02,1.040300000000000011e+02,5.117000000000000171e+01
4.339794423580169678e+02,5.000000000000000000e+01,5.000000000000000000e+01,2.076699999999999875e+02,1.040999999999999943e+02,5.111999999999999744e+01
4.349741291999816895e+02,5.000000000000000000e+01,5.000000000000000000e+01,2.077400000000000091e+02,1.041299999999999955e+02,5.136999999999999744e+01
4.359719882011413574e+02,5.000000000000000000e+01,5.000000000000000000e+01,2.078100000000000023e+02,1.040499999999999972e+02,5.128999999999999915e+01
4.369716367721557617e+02,5.000000000000000000e+01,5.000000000000000000e+01,2.077899999999999920e+02,1.040499999999999972e+02,5.128999999999999915e+01
4.379705560207366943e+02,5.000000000000000000e+01,5.000000000000000000e+01,2.080800000000000125e+02,1.044699999999999989e+02,5.143999999999999773e+01
4.389654138088226318e+02,5.000000000000000000e+01,5.000000000000000000e+01,2.081800000000000068e+02,1.043499999999999943e+02,5.149000000000000199e+01
4.399583694934844971e+02,5.000000000000000000e+01,5.000000000000000000e+01,2.082500000000000000e+02,1.045900000000000034e+02,5.146000000000000085e+01
4.409545378684997559e+02,5.000000000000000000e+01,5.000000000000000000e+01,2.083300000000000125e+02,1.047399999999999949e+02,5.136999999999999744e+01
4.419541268348693848e+02,5.000000000000000000e+01,5.000000000000000000e+01,2.084499999999999886e+02,1.046599999999999966e+02,5.149000000000000199e+01
4.429500548839569092e+02,5.000000000000000000e+01,5.000000000000000000e+01,2.086699999999999875e+02,1.045199999999999960e+02,5.149000000000000199e+01
4.439463336467742920e+02,5.000000000000000000e+01,5.000000000000000000e+01,2.087599999999999909e+02,1.045199999999999960e+02,5.149000000000000199e+01
4.449403290748596191e+02,5.000000000000000000e+01,5.000000000000000000e+01,2.087199999999999989e+02,1.046599999999999966e+02,5.146000000000000085e+01
4.459423878192901611e+02,5.000000000000000000e+01,5.000000000000000000e+01,2.089600000000000080e+02,1.052500000000000000e+02,5.160999999999999943e+01
4.469451689720153809e+02,5.000000000000000000e+01,5.000000000000000000e+01,2.090800000000000125e+02,1.053700000000000045e+02,5.167999999999999972e+01
4.479489212036132812e+02,5.000000000000000000e+01,5.000000000000000000e+01,2.091999999999999886e+02,1.053700000000000045e+02,5.159000000000000341e+01
4.489506876468658447e+02,5.000000000000000000e+01,5.000000000000000000e+01,2.092500000000000000e+02,1.052199999999999989e+02,5.160999999999999943e+01
4.499453971385955811e+02,5.000000000000000000e+01,5.000000000000000000e+01,2.093499999999999943e+02,1.048799999999999955e+02,5.153999999999999915e+01
4.509420273303985596e+02,5.000000000000000000e+01,5.000000000000000000e+01,2.094499999999999886e+02,1.048299999999999983e+02,5.164000000000000057e+01
4.519416086673736572e+02,5.000000000000000000e+01,5.000000000000000000e+01,2.095900000000000034e+02,1.054899999999999949e+02,5.167999999999999972e+01
4.529372265338897705e+02,5.000000000000000000e+01,5.000000000000000000e+01,2.096699999999999875e+02,1.050999999999999943e+02,5.165999999999999659e+01
4.539361364841461182e+02,5.000000000000000000e+01,5.000000000000000000e+01,2.096399999999999864e+02,1.055699999999999932e+02,5.164000000000000057e+01
4.549309937953948975e+02,5.000000000000000000e+01,5.000000000000000000e+01,2.097400000000000091e+02,1.056200000000000045e+02,5.178000000000000114e+01
4.559294805526733398e+02,5.000000000000000000e+01,5.000000000000000000e+01,2.097899999999999920e+02,1.055699999999999932e+02,5.188000000000000256e+01
4.569281444549560547e+02,5.000000000000000000e+01,5.000000000000000000e+01,2.099600000000000080e+02,1.055699999999999932e+02,5.197999999999999687e+01
4.579298720359802246e+02,5.000000000000000000e+01,5.000000000000000000e+01,2.100600000000000023e+02,1.057900000000000063e+02,5.185999999999999943e+01
4.589300551414489746e+02,5.000000000000000000e+01,5.000000000000000000e+01,2.101599999999999966e+02,1.053499999999999943e+02,5.189999999999999858e+01
4.599277756214141846e+02,5.000000000000000000e+01,5.000000000000000000e+01,2.101299999999999955e+02,1.058799999999999955e+02,5.189999999999999858e+01
4.609207932949066162e+02,5.000000000000000000e+01,5.000000000000000000e+01,2.101599999999999966e+02,1.054899999999999949e+02,5.195000000000000284e+01
4.619158418178558350e+02,5.000000000000000000e+01,5.000000000000000000e+01,2.101800000000000068e+02,1.054699999999999989e+02,5.192999999999999972e+01
4.629121196269989014e+02,5.000000000000000000e+01,5.000000000000000000e+01,2.103000000000000114e+02,1.054000000000000057e+02,5.192999999999999972e+01
4.639178645610809326e+02,5.000000000000000000e+01,5.000000000000000000e+01,2.104000000000000057e+02,1.054399999999999977e+02,5.204999999999999716e+01
4.649175522327423096e+02,5.000000000000000000e+01,5.000000000000000000e+01,2.104000000000000057e+02,1.062300000000000040e+02,5.192999999999999972e+01
4.659123861789703369e+02,5.000000000000000000e+01,5.000000000000000000e+01,2.106399999999999864e+02,1.059800000000000040e+02,5.204999999999999716e+01
4.669038994312286377e+02,5.000000000000000000e+01,5.000000000000000000e+01,2.106200000000000045e+02,1.061299999999999955e+02,5.210000000000000142e+01
4.678952298164367676e+02,5.000000000000000000e+01,5.000000000000000000e+01,2.106899999999999977e+02,1.060100000000000051e+02,5.220000000000000284e+01
4.688922505378723145e+02,5.000000000000000000e+01,5.000000000000000000e+01,2.106899999999999977e+02,1.063199999999999932e+02,5.211999999999999744e+01
4.698923709392547607e+02,5.000000000000000000e+01,5.000000000000000000e+01,2.108199999999999932e+02,1.065699999999999932e+02,5.211999999999999744e+01
4.708833575248718262e+02,5.000000000000000000e+01,5.000000000000000000e+01,2.108899999999999864e+02,1.064500000000000028e+02,5.232000000000000028e+01
4.718780362606048584e+02,5.000000000000000000e+01,5.000000000000000000e+01,2.109600000000000080e+02,1.066200000000000045e+02,5.217000000000000171e+01
4.728812699317932129e+02,5.000000000000000000e+01,5.000000000000000000e+01,2.110099999999999909e+02,1.063199999999999932e+02,5.221999999999999886e+01
4.738799276351928711e+02,5.000000000000000000e+01,5.000000000000000000e+01,2.111100000000000136e+02,1.064699999999999989e+02,5.227000000000000313e+01
4.748753871917724609e+02,5.000000000000000000e+01,5.000000000000000000e+01,2.111599999999999966e+02,1.062500000000000000e+02,5.232000000000000028e+01
4.758749845027923584e+02,5.000000000000000000e+01,5.000000000000000000e+01,2.111299999999999955e+02,1.065400000000000063e+02,5.232000000000000028e+01
4.768692917823791504e+02,5.000000000000000000e+01,5.000000000000000000e+01,2.112500000000000000e+02,1.066899999999999977e+02,5.250999999999999801e+01
4.778686914443969727e+02,5.000000000000000000e+01,5.000000000000000000e+01,2.112299999999999898e+02,1.068599999999999994e+02,5.239000000000000057e+01
4.788711335659027100e+02,5.000000000000000000e+01,5.000000000000000000e+01,2.114300000000000068e+02,1.067099999999999937e+02,5.242000000000000171e+01
4.798672881126403809e+02,5.000000000000000000e+01,5.000000000000000000e+01,2.114300000000000068e+02,1.069099999999999966e+02,5.243999999999999773e+01
4.808719112873077393e+02,5.000000000000000000e+01,5.000000000000000000e+01,2.115999999999999943e+02,1.068799999999999955e+02,5.234000000000000341e+01
4.818636887073516846e+02,5.000000000000000000e+01,5.000000000000000000e+01,2.116200000000000045e+02,1.065699999999999932e+02,5.243999999999999773e+01
4.828592531681060791e+02,5.000000000000000000e+01,5.000000000000000000e+01,2.115999999999999943e+02,1.071800000000000068e+02,5.236999999999999744e+01
4.838521800041198730e+02,5.000000000000000000e+01,5.000000000000000000e+01,2.115699999999999932e+02,1.070999999999999943e+02,5.236999999999999744e+01
4.848461782932281494e+02,5.000000000000000000e+01,5.000000000000000000e+01,2.116200000000000045e+02,1.069599999999999937e+02,5.239000000000000057e+01
4.858450331687927246e+02,5.000000000000000000e+01,5.000000000000000000e+01,2.116500000000000057e+02,1.072500000000000000e+02,5.246999999999999886e+01
4.868380744457244873e+02,5.000000000000000000e+01,5.000000000000000000e+01,2.117199999999999989e+02,1.068799999999999955e+02,5.249000000000000199e+01
4.878389515876770020e+02,5.000000000000000000e+01,5.000000000000000000e+01,2.118199999999999932e+02,1.070300000000000011e+02,5.250999999999999801e+01
4.888367636203765869e+02,5.000000000000000000e+01,5.000000000000000000e+01,2.118899999999999864e+02,1.069099999999999966e+02,5.249000000000000199e+01
4.898347346782684326e+02,5.000000000000000000e+01,5.000000000000000000e+01,2.118899999999999864e+02,1.071800000000000068e+02,5.246999999999999886e+01
4.908334498405456543e+02,5.000000000000000000e+01,5.000000000000000000e+01,2.117899999999999920e+02,1.072500000000000000e+02,5.249000000000000199e+01
4.918289213180541992e+02,5.000000000000000000e+01,5.000000000000000000e+01,2.120099999999999909e+02,1.076899999999999977e+02,5.242000000000000171e+01
4.928238177299499512e+02,5.000000000000000000e+01,5.000000000000000000e+01,2.121100000000000136e+02,1.076700000000000017e+02,5.243999999999999773e+01
4.938204967975616455e+02,5.000000000000000000e+01,5.000000000000000000e+01,2.121800000000000068e+02,1.075900000000000034e+02,5.260999999999999943e+01
4.948247883319854736e+02,5.000000000000000000e+01,5.000000000000000000e+01,2.123300000000000125e+02,1.076700000000000017e+02,5.265999999999999659e+01
4.958226552009582520e+02,5.000000000000000000e+01,5.000000000000000000e+01,2.123799999999999955e+02,1.076700000000000017e+02,5.272999999999999687e+01
4.968244881629943848e+02,5.000000000000000000e+01,5.000000000000000000e+01,2.124499999999999886e+02,1.077600000000000051e+02,5.268999999999999773e+01
4.978191947937011719e+02,5.000000000000000000e+01,5.000000000000000000e+01,2.124000000000000057e+02,1.076899999999999977e+02,5.265999999999999659e+01
4.988163349628448486e+02,5.000000000000000000e+01,5.000000000000000000e+01,2.124499999999999886e+02,1.078100000000000023e+02,5.264000000000000057e+01
4.998134396076202393e+02,5.000000000000000000e+01,5.000000000000000000e+01,2.124799999999999898e+02,1.077900000000000063e+02,5.264000000000000057e+01
5.008085973262786865e+02,5.000000000000000000e+01,5.000000000000000000e+01,2.125500000000000114e+02,1.078400000000000034e+02,5.264000000000000057e+01
5.018045706748962402e+02,5.000000000000000000e+01,5.000000000000000000e+01,2.125999999999999943e+02,1.080600000000000023e+02,5.281000000000000227e+01
5.028042399883270264e+02,5.000000000000000000e+01,5.000000000000000000e+01,2.125999999999999943e+02,1.079800000000000040e+02,5.295000000000000284e+01
5.038003606796264648e+02,5.000000000000000000e+01,5.000000000000000000e+01,2.126999999999999886e+02,1.079300000000000068e+02,5.295000000000000284e+01
5.047966408729553223e+02,5.000000000000000000e+01,5.000000000000000000e+01,2.126999999999999886e+02,1.078900000000000006e+02,5.290999999999999659e+01
5.057875518798828125e+02,5.000000000000000000e+01,5.000000000000000000e+01,2.128700000000000045e+02,1.082999999999999972e+02,5.290999999999999659e+01
5.067866189479827881e+02,5.000000000000000000e+01,5.000000000000000000e+01,2.129600000000000080e+02,1.082300000000000040e+02,5.288000000000000256e+01
5.077862331867218018e+02,5.000000000000000000e+01,5.000000000000000000e+01,2.130600000000000023e+02,1.077099999999999937e+02,5.285999999999999943e+01
5.087801470756530762e+02,5.000000000000000000e+01,5.000000000000000000e+01,2.131299999999999955e+02,1.080100000000000051e+02,5.292999999999999972e+01
5.097759196758270264e+02,5.000000000000000000e+01,5.000000000000000000e+01,2.131299999999999955e+02,1.077900000000000063e+02,5.292999999999999972e+01
5.107765898704528809e+02,5.000000000000000000e+01,5.000000000000000000e+01,2.131100000000000136e+02,1.082999999999999972e+02,5.292999999999999972e+01
5.117732505798339844e+02,5.000000000000000000e+01,5.000000000000000000e+01,2.132800000000000011e+02,1.082999999999999972e+02,5.285999999999999943e+01
5.127783694267272949e+02,5.000000000000000000e+01,5.000000000000000000e+01,2.133100000000000023e+02,1.082500000000000000e+02,5.282999999999999829e+01
5.137728126049041748e+02,5.000000000000000000e+01,5.000000000000000000e+01,2.134799999999999898e+02,1.082500000000000000e+02,5.288000000000000256e+01
5.147705285549163818e+02,5.000000000000000000e+01,5.000000000000000000e+01,2.135500000000000114e+02,1.081500000000000057e+02,5.290999999999999659e+01
5.157710127830505371e+02,5.000000000000000000e+01,5.000000000000000000e+01,2.136200000000000045e+02,1.079099999999999966e+02,5.307999999999999829e+01
5.167677717208862305e+02,5.000000000000000000e+01,5.000000000000000000e+01,2.135999999999999943e+02,1.081500000000000057e+02,5.295000000000000284e+01
5.177644157409667969e+02,5.000000000000000000e+01,5.000000000000000000e+01,2.136200000000000045e+02,1.079800000000000040e+02,5.297999999999999687e+01
5.187604548931121826e+02,5.000000000000000000e+01,5.000000000000000000e+01,2.136500000000000057e+02,1.084699999999999989e+02,5.292999999999999972e+01
5.197562265396118164e+02,5.000000000000000000e+01,5.000000000000000000e+01,2.136999999999999886e+02,1.080799999999999983e+02,5.304999999999999716e+01
5.207511167526245117e+02,5.000000000000000000e+01,5.000000000000000000e+01,2.138199999999999932e+02,1.084000000000000057e+02,5.300000000000000000e+01
5.217533090114593506e+02,5.000000000000000000e+01,5.000000000000000000e+01,2.138700000000000045e+02,1.085900000000000034e+02,5.290999999999999659e+01
5.227453653812408447e+02,5.000000000000000000e+01,5.000000000000000000e+01,2.139199999999999875e+02,1.085199999999999960e+02,5.300000000000000000e+01
5.237390730381011963e+02,5.000000000000000000e+01,5.000000000000000000e+01,2.141399999999999864e+02,1.083299999999999983e+02,5.310000000000000142e+01
5.247401285171508789e+02,5.000000000000000000e+01,5.000000000000000000e+01,2.139600000000000080e+02,1.084699999999999989e+02,5.300000000000000000e+01
5.257412188053131104e+02,5.000000000000000000e+01,5.000000000000000000e+01,2.141100000000000136e+02,1.084500000000000028e+02,5.304999999999999716e+01
5.267462735176086426e+02,5.000000000000000000e+01,5.000000000000000000e+01,2.141399999999999864e+02,1.084500000000000028e+02,5.304999999999999716e+01
5.277388937473297119e+02,5.000000000000000000e+01,5.000000000000000000e+01,2.139600000000000080e+02,1.086400000000000006e+02,5.314999999999999858e+01
5.287418396472930908e+02,5.000000000000000000e+01,5.000000000000000000e+01,2.139199999999999875e+02,1.083700000000000045e+02,5.310000000000000142e+01
5.297391839027404785e+02,5.000000000000000000e+01,5.000000000000000000e+01,2.139199999999999875e+02,1.086200000000000045e+02,5.314999999999999858e+01
5.307372035980224609e+02,5.000000000000000000e+01,5.000000000000000000e+01,2.139600000000000080e+02,1.083499999999999943e+02,5.329999999999999716e+01
5.317350184917449951e+02,5.000000000000000000e+01,5.000000000000000000e+01,2.138400000000000034e+02,1.084699999999999989e+02,5.336999999999999744e+01
5.327296841144561768e+02,5.000000000000000000e+01,5.000000000000000000e+01,2.138700000000000045e+02,1.080100000000000051e+02,5.342000000000000171e+01
5.337255864143371582e+02,5.000000000000000000e+01,5.000000000000000000e+01,2.137700000000000102e+02,1.083499999999999943e+02,5.342000000000000171e+01
5.347189691066741943e+02,5.000000000000000000e+01,5.000000000000000000e+01,2.137700000000000102e+02,1.082000000000000028e+02,5.325000000000000000e+01
5.357141938209533691e+02,5.000000000000000000e+01,5.000000000000000000e+01,2.137899999999999920e+02,1.083299999999999983e+02,5.336999999999999744e+01
5.367081658840179443e+02,5.000000000000000000e+01,5.000000000000000000e+01,2.138199999999999932e+02,1.079099999999999966e+02,5.343999999999999773e+01
5.377037222385406494e+02,5.000000000000000000e+01,5.000000000000000000e+01,2.138700000000000045e+02,1.080100000000000051e+02,5.343999999999999773e+01
5.386999132633209229e+02,5.000000000000000000e+01,5.000000000000000000e+01,2.138199999999999932e+02,1.082000000000000028e+02,5.334000000000000341e+01
5.396937780380249023e+02,5.000000000000000000e+01,5.000000000000000000e+01,2.138700000000000045e+02,1.081299999999999955e+02,5.343999999999999773e+01
5.406869103908538818e+02,5.000000000000000000e+01,5.000000000000000000e+01,2.139900000000000091e+02,1.086700000000000017e+02,5.329999999999999716e+01
5.416803553104400635e+02,5.000000000000000000e+01,5.000000000000000000e+01,2.140900000000000034e+02,1.084200000000000017e+02,5.346999999999999886e+01
5.426797049045562744e+02,5.000000000000000000e+01,5.000000000000000000e+01,2.140099999999999909e+02,1.086400000000000006e+02,5.339000000000000057e+01
5.436806230545043945e+02,5.000000000000000000e+01,5.000000000000000000e+01,2.140900000000000034e+02,1.085000000000000000e+02,5.343999999999999773e+01
5.446774404048919678e+02,5.000000000000000000e+01,5.000000000000000000e+01,2.141599999999999966e+02,1.085699999999999932e+02,5.349000000000000199e+01
5.456744694709777832e+02,5.000000000000000000e+01,5.000000000000000000e+01,2.141599999999999966e+02,1.087900000000000063e+02,5.339000000000000057e+01
5.466732902526855469e+02,5.000000000000000000e+01,5.000000000000000000e+01,2.141399999999999864e+02,1.085000000000000000e+02,5.339000000000000057e+01
5.476708579063415527e+02,5.000000000000000000e+01,5.000000000000000000e+01,2.143300000000000125e+02,1.082800000000000011e+02,5.343999999999999773e+01
5.486693282127380371e+02,5.000000000000000000e+01,5.000000000000000000e+01,2.143300000000000125e+02,1.084200000000000017e+02,5.343999999999999773e+01
5.496641626358032227e+02,5.000000000000000000e+01,5.000000000000000000e+01,2.145300000000000011e+02,1.084000000000000057e+02,5.339000000000000057e+01
5.506606810092926025e+02,5.000000000000000000e+01,5.000000000000000000e+01,2.145000000000000000e+02,1.088100000000000023e+02,5.346999999999999886e+01
5.516562035083770752e+02,5.000000000000000000e+01,5.000000000000000000e+01,2.145800000000000125e+02,1.088400000000000034e+02,5.353999999999999915e+01
5.526507706642150879e+02,5.000000000000000000e+01,5.000000000000000000e+01,2.145300000000000011e+02,1.092300000000000040e+02,5.342000000000000171e+01
5.536487102508544922e+02,5.000000000000000000e+01,5.000000000000000000e+01,2.145999999999999943e+02,1.087399999999999949e+02,5.353999999999999915e+01
5.546478235721588135e+02,5.000000000000000000e+01,5.000000000000000000e+01,2.145999999999999943e+02,1.087399999999999949e+02,5.343999999999999773e+01
5.556435587406158447e+02,5.000000000000000000e+01,5.000000000000000000e+01,2.146200000000000045e+02,1.087600000000000051e+02,5.353999999999999915e+01
5.566415281295776367e+02,5.000000000000000000e+01,5.000000000000000000e+01,2.146200000000000045e+02,1.090600000000000023e+02,5.353999999999999915e+01
5.576323554515838623e+02,5.000000000000000000e+01,5.000000000000000000e+01,2.147500000000000000e+02,1.091299999999999955e+02,5.359000000000000341e+01
5.586333343982696533e+02,5.000000000000000000e+01,5.000000000000000000e+01,2.147199999999999989e+02,1.092800000000000011e+02,5.352000000000000313e+01
5.596322419643402100e+02,5.000000000000000000e+01,5.000000000000000000e+01,2.147899999999999920e+02,1.090600000000000023e+02,5.349000000000000199e+01
5.606370460987091064e+02,5.000000000000000000e+01,5.000000000000000000e+01,2.147899999999999920e+02,1.091299999999999955e+02,5.353999999999999915e+01
5.616335544586181641e+02,5.000000000000000000e+01,5.000000000000000000e+01,2.147899999999999920e+02,1.092800000000000011e+02,5.364000000000000057e+01
5.626332235336303711e+02,5.000000000000000000e+01,5.000000000000000000e+01,2.147899999999999920e+02,1.089099999999999966e+02,5.365999999999999659e+01
5.636334953308105469e+02,5.000000000000000000e+01,5.000000000000000000e+01,2.147899999999999920e+02,1.088400000000000034e+02,5.368999999999999773e+01
5.646332020759582520e+02,5.000000000000000000e+01,5.000000000000000000e+01,2.148400000000000034e+02,1.087600000000000051e+02,5.371000000000000085e+01
5.656268320083618164e+02,5.000000000000000000e+01,5.000000000000000000e+01,2.147500000000000000e+02,1.089099999999999966e+02,5.382999999999999829e+01
5.666225671768188477e+02,5.000000000000000000e+01,5.000000000000000000e+01,2.148199999999999932e+02,1.090600000000000023e+02,5.388000000000000256e+01
5.676177997589111328e+02,5.000000000000000000e+01,5.000000000000000000e+01,2.147899999999999920e+02,1.092000000000000028e+02,5.374000000000000199e+01
5.686140170097351074e+02,5.000000000000000000e+01,5.000000000000000000e+01,2.147899999999999920e+02,1.092800000000000011e+02,5.385999999999999943e+01
5.696114113330841064e+02,5.000000000000000000e+01,5.000000000000000000e+01,2.148199999999999932e+02,1.090600000000000023e+02,5.381000000000000227e+01
5.706061208248138428e+02,5.000000000000000000e+01,5.000000000000000000e+01,2.147899999999999920e+02,1.089099999999999966e+02,5.381000000000000227e+01
5.715992138385772705e+02,5.000000000000000000e+01,5.000000000000000000e+01,2.148700000000000045e+02,1.090600000000000023e+02,5.392999999999999972e+01
5.725938100814819336e+02,5.000000000000000000e+01,5.000000000000000000e+01,2.150399999999999920e+02,1.088400000000000034e+02,5.397999999999999687e+01
5.735987586975097656e+02,5.000000000000000000e+01,5.000000000000000000e+01,2.151399999999999864e+02,1.090600000000000023e+02,5.396000000000000085e+01
5.746040329933166504e+02,5.000000000000000000e+01,5.000000000000000000e+01,2.151100000000000136e+02,1.091299999999999955e+02,5.388000000000000256e+01
5.756076786518096924e+02,5.000000000000000000e+01,5.000000000000000000e+01,2.151100000000000136e+02,1.089800000000000040e+02,5.388000000000000256e+01
5.766020386219024658e+02,5.000000000000000000e+01,5.000000000000000000e+01,2.151399999999999864e+02,1.088400000000000034e+02,5.388000000000000256e+01
5.776020479202270508e+02,5.000000000000000000e+01,5.000000000000000000e+01,2.150600000000000023e+02,1.091299999999999955e+02,5.385999999999999943e+01
5.785973091125488281e+02,5.000000000000000000e+01,5.000000000000000000e+01,2.150099999999999909e+02,1.089800000000000040e+02,5.374000000000000199e+01
5.796010012626647949e+02,5.000000000000000000e+01,5.000000000000000000e+01,2.151100000000000136e+02,1.091299999999999955e+02,5.392999999999999972e+01
5.805986928939819336e+02,5.000000000000000000e+01,5.000000000000000000e+01,2.149900000000000091e+02,1.092000000000000028e+02,5.385999999999999943e+01
5.815938763618469238e+02,5.000000000000000000e+01,5.000000000000000000e+01,2.150099999999999909e+02,1.089800000000000040e+02,5.382999999999999829e+01
5.825891470909118652e+02,5.000000000000000000e+01,5.000000000000000000e+01,2.150600000000000023e+02,1.089800000000000040e+02,5.388000000000000256e+01
5.835888223648071289e+02,5.000000000000000000e+01,5.000000000000000000e+01,2.149900000000000091e+02,1.092000000000000028e+02,5.382999999999999829e+01
5.845877809524536133e+02,5.000000000000000000e+01,5.000000000000000000e+01,2.151399999999999864e+02,1.088400000000000034e+02,5.390999999999999659e+01
5.855855216979980469e+02,5.000000000000000000e+01,5.000000000000000000e+01,2.151399999999999864e+02,1.090300000000000011e+02,5.400000000000000000e+01
5.865809388160705566e+02,5.000000000000000000e+01,5.000000000000000000e+01,2.150600000000000023e+02,1.091099999999999994e+02,5.390999999999999659e+01
5.875808916091918945e+02,5.000000000000000000e+01,5.000000000000000000e+01,2.150099999999999909e+02,1.094200000000000017e+02,5.378000000000000114e+01
5.885813248157501221e+02,5.000000000000000000e+01,5.000000000000000000e+01,2.150900000000000034e+02,1.091099999999999994e+02,5.392999999999999972e+01
5.895792078971862793e+02,5.000000000000000000e+01,5.000000000000000000e+01,2.150900000000000034e+02,1.095499999999999972e+02,5.378000000000000114e+01
5.905780649185180664e+02,5.000000000000000000e+01,5.000000000000000000e+01,2.150399999999999920e+02,1.095199999999999960e+02,5.388000000000000256e+01
5.915762495994567871e+02,5.000000000000000000e+01,5.000000000000000000e+01,2.150600000000000023e+02,1.092500000000000000e+02,5.388000000000000256e+01
5.925762155055999756e+02,5.000000000000000000e+01,5.000000000000000000e+01,2.150099999999999909e+02,1.094000000000000057e+02,5.385999999999999943e+01
5.935797476768493652e+02,5.000000000000000000e+01,5.000000000000000000e+01,2.150900000000000034e+02,1.095199999999999960e+02,5.390999999999999659e+01
5.945716078281402588e+02,5.000000000000000000e+01,5.000000000000000000e+01,2.150900000000000034e+02,1.093799999999999955e+02,5.388000000000000256e+01
5.955690679550170898e+02,5.000000000000000000e+01,5.000000000000000000e+01,2.150600000000000023e+02,1.092000000000000028e+02,5.390999999999999659e+01
5.965668084621429443e+02,5.000000000000000000e+01,5.000000000000000000e+01,2.151399999999999864e+02,1.094000000000000057e+02,5.396000000000000085e+01
