Time (sec), Heater 1 (%),  Heater 2 (%), Temperature 1 (°C), Temperature 2 (°C), Room Temperature (°C), 
0.000000000000000000e+00,0.000000000000000000e+00,0.000000000000000000e+00,3.799000000000000199e+01,3.564000000000000057e+01,3.467000000000000171e+01
9.907114505767822266e-01,0.000000000000000000e+00,0.000000000000000000e+00,3.789000000000000057e+01,3.564000000000000057e+01,3.467000000000000171e+01
1.996832370758056641e+00,0.000000000000000000e+00,0.000000000000000000e+00,3.777000000000000313e+01,3.564000000000000057e+01,3.467000000000000171e+01
2.998688220977783203e+00,0.000000000000000000e+00,0.000000000000000000e+00,3.777000000000000313e+01,3.564000000000000057e+01,3.467000000000000171e+01
3.998429775238037109e+00,0.000000000000000000e+00,0.000000000000000000e+00,3.774000000000000199e+01,3.564000000000000057e+01,3.468999999999999773e+01
4.997552633285522461e+00,0.000000000000000000e+00,0.000000000000000000e+00,3.767000000000000171e+01,3.564000000000000057e+01,3.467000000000000171e+01
5.997644901275634766e+00,0.000000000000000000e+00,0.000000000000000000e+00,3.761999999999999744e+01,3.564000000000000057e+01,3.468999999999999773e+01
6.995544433593750000e+00,0.000000000000000000e+00,0.000000000000000000e+00,3.761999999999999744e+01,3.564000000000000057e+01,3.467000000000000171e+01
7.995780706405639648e+00,0.000000000000000000e+00,0.000000000000000000e+00,3.760000000000000142e+01,3.564000000000000057e+01,3.467000000000000171e+01
8.994616985321044922e+00,0.000000000000000000e+00,0.000000000000000000e+00,3.760000000000000142e+01,3.564000000000000057e+01,3.467000000000000171e+01
9.995728731155395508e+00,4.000000000000000000e+01,4.000000000000000000e+01,3.760000000000000142e+01,3.564000000000000057e+01,3.467000000000000171e+01
1.099570369720458984e+01,4.000000000000000000e+01,4.000000000000000000e+01,3.754999999999999716e+01,3.521000000000000085e+01,3.464000000000000057e+01
1.199770593643188477e+01,4.000000000000000000e+01,4.000000000000000000e+01,3.760000000000000142e+01,3.521000000000000085e+01,3.464000000000000057e+01
1.299536228179931641e+01,4.000000000000000000e+01,4.000000000000000000e+01,3.760000000000000142e+01,3.529999999999999716e+01,3.464000000000000057e+01
1.399546647071838379e+01,4.000000000000000000e+01,4.000000000000000000e+01,3.789000000000000057e+01,3.525000000000000000e+01,3.464000000000000057e+01
1.500070881843566895e+01,4.000000000000000000e+01,4.000000000000000000e+01,3.806000000000000227e+01,3.515999999999999659e+01,3.461999999999999744e+01
1.600436758995056152e+01,4.000000000000000000e+01,4.000000000000000000e+01,3.828000000000000114e+01,3.539999999999999858e+01,3.461999999999999744e+01
1.700495529174804688e+01,4.000000000000000000e+01,4.000000000000000000e+01,3.854999999999999716e+01,3.574000000000000199e+01,3.464000000000000057e+01
1.799808478355407715e+01,4.000000000000000000e+01,4.000000000000000000e+01,3.882000000000000028e+01,3.578999999999999915e+01,3.464000000000000057e+01
1.900073170661926270e+01,4.000000000000000000e+01,4.000000000000000000e+01,3.906000000000000227e+01,3.584000000000000341e+01,3.467000000000000171e+01
2.000031042098999023e+01,4.000000000000000000e+01,4.000000000000000000e+01,3.947999999999999687e+01,3.628000000000000114e+01,3.461999999999999744e+01
2.099728751182556152e+01,4.000000000000000000e+01,4.000000000000000000e+01,3.975000000000000000e+01,3.607999999999999829e+01,3.459000000000000341e+01
2.199803042411804199e+01,4.000000000000000000e+01,4.000000000000000000e+01,4.000999999999999801e+01,3.671999999999999886e+01,3.461999999999999744e+01
2.299320387840270996e+01,4.000000000000000000e+01,4.000000000000000000e+01,4.042999999999999972e+01,3.667000000000000171e+01,3.464000000000000057e+01
2.399571728706359863e+01,4.000000000000000000e+01,4.000000000000000000e+01,4.082000000000000028e+01,3.703999999999999915e+01,3.467000000000000171e+01
2.499736881256103516e+01,4.000000000000000000e+01,4.000000000000000000e+01,4.124000000000000199e+01,3.706000000000000227e+01,3.471999999999999886e+01
2.600171709060668945e+01,4.000000000000000000e+01,4.000000000000000000e+01,4.170000000000000284e+01,3.732999999999999829e+01,3.490999999999999659e+01
2.699938106536865234e+01,4.000000000000000000e+01,4.000000000000000000e+01,4.203999999999999915e+01,3.770000000000000284e+01,3.496000000000000085e+01
2.799629902839660645e+01,4.000000000000000000e+01,4.000000000000000000e+01,4.242999999999999972e+01,3.774000000000000199e+01,3.496000000000000085e+01
2.899400424957275391e+01,4.000000000000000000e+01,4.000000000000000000e+01,4.296999999999999886e+01,3.813000000000000256e+01,3.496000000000000085e+01
2.999251580238342285e+01,4.000000000000000000e+01,4.000000000000000000e+01,4.342999999999999972e+01,3.822999999999999687e+01,3.493999999999999773e+01
3.099446320533752441e+01,4.000000000000000000e+01,4.000000000000000000e+01,4.382000000000000028e+01,3.861999999999999744e+01,3.493999999999999773e+01
3.199397897720336914e+01,4.000000000000000000e+01,4.000000000000000000e+01,4.425999999999999801e+01,3.867000000000000171e+01,3.499000000000000199e+01
3.299185156822204590e+01,4.000000000000000000e+01,4.000000000000000000e+01,4.460000000000000142e+01,3.893999999999999773e+01,3.490999999999999659e+01
3.399598526954650879e+01,4.000000000000000000e+01,4.000000000000000000e+01,4.509000000000000341e+01,3.915999999999999659e+01,3.499000000000000199e+01
3.499705481529235840e+01,4.000000000000000000e+01,4.000000000000000000e+01,4.550999999999999801e+01,3.931000000000000227e+01,3.499000000000000199e+01
3.600140428543090820e+01,4.000000000000000000e+01,4.000000000000000000e+01,4.589999999999999858e+01,3.964999999999999858e+01,3.499000000000000199e+01
3.699197506904602051e+01,4.000000000000000000e+01,4.000000000000000000e+01,4.635999999999999943e+01,3.971999999999999886e+01,3.496000000000000085e+01
3.799599575996398926e+01,4.000000000000000000e+01,4.000000000000000000e+01,4.685000000000000142e+01,4.014000000000000057e+01,3.499000000000000199e+01
3.899580121040344238e+01,4.000000000000000000e+01,4.000000000000000000e+01,4.734000000000000341e+01,4.018999999999999773e+01,3.499000000000000199e+01
3.999577808380126953e+01,4.000000000000000000e+01,4.000000000000000000e+01,4.778000000000000114e+01,4.047999999999999687e+01,3.490999999999999659e+01
4.099802970886230469e+01,4.000000000000000000e+01,4.000000000000000000e+01,4.821999999999999886e+01,4.063000000000000256e+01,3.503000000000000114e+01
4.199903726577758789e+01,4.000000000000000000e+01,4.000000000000000000e+01,4.867999999999999972e+01,4.110999999999999943e+01,3.506000000000000227e+01
4.299766993522644043e+01,4.000000000000000000e+01,4.000000000000000000e+01,4.914999999999999858e+01,4.115999999999999659e+01,3.506000000000000227e+01
4.399720835685729980e+01,4.000000000000000000e+01,4.000000000000000000e+01,4.960999999999999943e+01,4.160000000000000142e+01,3.507999999999999829e+01
4.499431324005126953e+01,4.000000000000000000e+01,4.000000000000000000e+01,5.011999999999999744e+01,4.135999999999999943e+01,3.513000000000000256e+01
4.599976944923400879e+01,4.000000000000000000e+01,4.000000000000000000e+01,5.060999999999999943e+01,4.189000000000000057e+01,3.545000000000000284e+01
4.699639105796813965e+01,4.000000000000000000e+01,4.000000000000000000e+01,5.104999999999999716e+01,4.209000000000000341e+01,3.535000000000000142e+01
4.799644279479980469e+01,4.000000000000000000e+01,4.000000000000000000e+01,5.153999999999999915e+01,4.250000000000000000e+01,3.545000000000000284e+01
4.899720311164855957e+01,4.000000000000000000e+01,4.000000000000000000e+01,5.203000000000000114e+01,4.247999999999999687e+01,3.545000000000000284e+01
4.998757052421569824e+01,4.000000000000000000e+01,4.000000000000000000e+01,5.228999999999999915e+01,4.302000000000000313e+01,3.545000000000000284e+01
5.098243021965026855e+01,4.000000000000000000e+01,4.000000000000000000e+01,5.272999999999999687e+01,4.302000000000000313e+01,3.542000000000000171e+01
5.197331666946411133e+01,4.000000000000000000e+01,4.000000000000000000e+01,5.321999999999999886e+01,4.324000000000000199e+01,3.561999999999999744e+01
5.296959781646728516e+01,4.000000000000000000e+01,4.000000000000000000e+01,5.371000000000000085e+01,4.340999999999999659e+01,3.564000000000000057e+01
5.397363686561584473e+01,4.000000000000000000e+01,4.000000000000000000e+01,5.417000000000000171e+01,4.377000000000000313e+01,3.557000000000000028e+01
5.497395610809326172e+01,4.000000000000000000e+01,4.000000000000000000e+01,5.465999999999999659e+01,4.403999999999999915e+01,3.557000000000000028e+01
5.597737407684326172e+01,4.000000000000000000e+01,4.000000000000000000e+01,5.507999999999999829e+01,4.456000000000000227e+01,3.554999999999999716e+01
5.697900152206420898e+01,4.000000000000000000e+01,4.000000000000000000e+01,5.552000000000000313e+01,4.438000000000000256e+01,3.561999999999999744e+01
5.798124027252197266e+01,4.000000000000000000e+01,4.000000000000000000e+01,5.596000000000000085e+01,4.495000000000000284e+01,3.564000000000000057e+01
5.897942924499511719e+01,4.000000000000000000e+01,4.000000000000000000e+01,5.645000000000000284e+01,4.502000000000000313e+01,3.589000000000000057e+01
5.998009228706359863e+01,4.000000000000000000e+01,4.000000000000000000e+01,5.697999999999999687e+01,4.531000000000000227e+01,3.596000000000000085e+01
6.097102928161621094e+01,4.000000000000000000e+01,4.000000000000000000e+01,5.735000000000000142e+01,4.550999999999999801e+01,3.593999999999999773e+01
6.197535824775695801e+01,4.000000000000000000e+01,4.000000000000000000e+01,5.785999999999999943e+01,4.564999999999999858e+01,3.607999999999999829e+01
6.297821497917175293e+01,4.000000000000000000e+01,4.000000000000000000e+01,5.828000000000000114e+01,4.570000000000000284e+01,3.628000000000000114e+01
6.398076391220092773e+01,4.000000000000000000e+01,4.000000000000000000e+01,5.861999999999999744e+01,4.635999999999999943e+01,3.639999999999999858e+01
6.497960948944091797e+01,4.000000000000000000e+01,4.000000000000000000e+01,5.906000000000000227e+01,4.624000000000000199e+01,3.645000000000000284e+01
6.598091340065002441e+01,4.000000000000000000e+01,4.000000000000000000e+01,5.954999999999999716e+01,4.663000000000000256e+01,3.645000000000000284e+01
6.698205208778381348e+01,4.000000000000000000e+01,4.000000000000000000e+01,6.003000000000000114e+01,4.696999999999999886e+01,3.645000000000000284e+01
6.798218369483947754e+01,4.000000000000000000e+01,4.000000000000000000e+01,6.045000000000000284e+01,4.702000000000000313e+01,3.646999999999999886e+01
6.898080730438232422e+01,4.000000000000000000e+01,4.000000000000000000e+01,6.084000000000000341e+01,4.727000000000000313e+01,3.646999999999999886e+01
6.998090982437133789e+01,4.000000000000000000e+01,4.000000000000000000e+01,6.129999999999999716e+01,4.746000000000000085e+01,3.661999999999999744e+01
7.098496913909912109e+01,4.000000000000000000e+01,4.000000000000000000e+01,6.178999999999999915e+01,4.763000000000000256e+01,3.654999999999999716e+01
7.198397636413574219e+01,4.000000000000000000e+01,4.000000000000000000e+01,6.235000000000000142e+01,4.795000000000000284e+01,3.652000000000000313e+01
7.297598838806152344e+01,4.000000000000000000e+01,4.000000000000000000e+01,6.264999999999999858e+01,4.785000000000000142e+01,3.646999999999999886e+01
7.398039793968200684e+01,4.000000000000000000e+01,4.000000000000000000e+01,6.300999999999999801e+01,4.814000000000000057e+01,3.646999999999999886e+01
7.498405146598815918e+01,4.000000000000000000e+01,4.000000000000000000e+01,6.347999999999999687e+01,4.834000000000000341e+01,3.661999999999999744e+01
7.598000693321228027e+01,4.000000000000000000e+01,4.000000000000000000e+01,6.396000000000000085e+01,4.865999999999999659e+01,3.682000000000000028e+01
7.698179674148559570e+01,4.000000000000000000e+01,4.000000000000000000e+01,6.440000000000000568e+01,4.896999999999999886e+01,3.686999999999999744e+01
7.798626232147216797e+01,4.000000000000000000e+01,4.000000000000000000e+01,6.492000000000000171e+01,4.921999999999999886e+01,3.667000000000000171e+01
7.897769784927368164e+01,4.000000000000000000e+01,4.000000000000000000e+01,6.523000000000000398e+01,4.940999999999999659e+01,3.660000000000000142e+01
7.997985649108886719e+01,4.000000000000000000e+01,4.000000000000000000e+01,6.570000000000000284e+01,4.943999999999999773e+01,3.661999999999999744e+01
8.098322343826293945e+01,4.000000000000000000e+01,4.000000000000000000e+01,6.620999999999999375e+01,4.965999999999999659e+01,3.661999999999999744e+01
8.198118019104003906e+01,4.000000000000000000e+01,4.000000000000000000e+01,6.670000000000000284e+01,4.963000000000000256e+01,3.661999999999999744e+01
8.298255038261413574e+01,4.000000000000000000e+01,4.000000000000000000e+01,6.701999999999999602e+01,5.032000000000000028e+01,3.645000000000000284e+01
8.398168969154357910e+01,4.000000000000000000e+01,4.000000000000000000e+01,6.735999999999999943e+01,5.039000000000000057e+01,3.657000000000000028e+01
8.498035573959350586e+01,4.000000000000000000e+01,4.000000000000000000e+01,6.784999999999999432e+01,5.036999999999999744e+01,3.654999999999999716e+01
8.597974038124084473e+01,4.000000000000000000e+01,4.000000000000000000e+01,6.831000000000000227e+01,5.082999999999999829e+01,3.664999999999999858e+01
8.697863435745239258e+01,4.000000000000000000e+01,4.000000000000000000e+01,6.873000000000000398e+01,5.104999999999999716e+01,3.684000000000000341e+01
8.798334884643554688e+01,4.000000000000000000e+01,4.000000000000000000e+01,6.914000000000000057e+01,5.139000000000000057e+01,3.710999999999999943e+01
8.898573279380798340e+01,4.000000000000000000e+01,4.000000000000000000e+01,6.965000000000000568e+01,5.132000000000000028e+01,3.728000000000000114e+01
8.997821760177612305e+01,4.000000000000000000e+01,4.000000000000000000e+01,7.014000000000000057e+01,5.136999999999999744e+01,3.742999999999999972e+01
9.097920012474060059e+01,4.000000000000000000e+01,4.000000000000000000e+01,7.035999999999999943e+01,5.181000000000000227e+01,3.739999999999999858e+01
9.197901129722595215e+01,4.000000000000000000e+01,4.000000000000000000e+01,7.079999999999999716e+01,5.164000000000000057e+01,3.760000000000000142e+01
9.298315572738647461e+01,4.000000000000000000e+01,4.000000000000000000e+01,7.121999999999999886e+01,5.227000000000000313e+01,3.764999999999999858e+01
9.398500227928161621e+01,4.000000000000000000e+01,4.000000000000000000e+01,7.170000000000000284e+01,5.217000000000000171e+01,3.754999999999999716e+01
9.498924350738525391e+01,4.000000000000000000e+01,4.000000000000000000e+01,7.212000000000000455e+01,5.239000000000000057e+01,3.757000000000000028e+01
9.598823761940002441e+01,4.000000000000000000e+01,4.000000000000000000e+01,7.256000000000000227e+01,5.282999999999999829e+01,3.742999999999999972e+01
9.699252605438232422e+01,4.000000000000000000e+01,4.000000000000000000e+01,7.273000000000000398e+01,5.278000000000000114e+01,3.742999999999999972e+01
9.799790787696838379e+01,4.000000000000000000e+01,4.000000000000000000e+01,7.300000000000000000e+01,5.310000000000000142e+01,3.738000000000000256e+01
9.899425911903381348e+01,4.000000000000000000e+01,4.000000000000000000e+01,7.339000000000000057e+01,5.327000000000000313e+01,3.739999999999999858e+01
9.999468851089477539e+01,4.000000000000000000e+01,4.000000000000000000e+01,7.373000000000000398e+01,5.327000000000000313e+01,3.728000000000000114e+01
1.009863936901092529e+02,4.000000000000000000e+01,4.000000000000000000e+01,7.418999999999999773e+01,5.360999999999999943e+01,3.739999999999999858e+01
1.019877698421478271e+02,4.000000000000000000e+01,4.000000000000000000e+01,7.468000000000000682e+01,5.368999999999999773e+01,3.745000000000000284e+01
1.029886898994445801e+02,4.000000000000000000e+01,4.000000000000000000e+01,7.500000000000000000e+01,5.388000000000000256e+01,3.742999999999999972e+01
1.039940242767333984e+02,4.000000000000000000e+01,4.000000000000000000e+01,7.543999999999999773e+01,5.413000000000000256e+01,3.742999999999999972e+01
1.049971032142639160e+02,4.000000000000000000e+01,4.000000000000000000e+01,7.578000000000000114e+01,5.425000000000000000e+01,3.782000000000000028e+01
1.059935412406921387e+02,4.000000000000000000e+01,4.000000000000000000e+01,7.620000000000000284e+01,5.471000000000000085e+01,3.806000000000000227e+01
1.069957559108734131e+02,4.000000000000000000e+01,4.000000000000000000e+01,7.664000000000000057e+01,5.459000000000000341e+01,3.839999999999999858e+01
1.079899084568023682e+02,4.000000000000000000e+01,4.000000000000000000e+01,7.712000000000000455e+01,5.497999999999999687e+01,3.842999999999999972e+01
1.089924325942993164e+02,4.000000000000000000e+01,4.000000000000000000e+01,7.756000000000000227e+01,5.507999999999999829e+01,3.886999999999999744e+01
1.099950256347656250e+02,4.000000000000000000e+01,4.000000000000000000e+01,7.795000000000000284e+01,5.532000000000000028e+01,3.893999999999999773e+01
1.109967083930969238e+02,4.000000000000000000e+01,4.000000000000000000e+01,7.825000000000000000e+01,5.568999999999999773e+01,3.906000000000000227e+01
1.119983429908752441e+02,4.000000000000000000e+01,4.000000000000000000e+01,7.868999999999999773e+01,5.542000000000000171e+01,3.938000000000000256e+01
1.129957730770111084e+02,4.000000000000000000e+01,4.000000000000000000e+01,7.907999999999999829e+01,5.578999999999999915e+01,3.939999999999999858e+01
1.139971270561218262e+02,4.000000000000000000e+01,4.000000000000000000e+01,7.946999999999999886e+01,5.610000000000000142e+01,3.942999999999999972e+01
1.150001716613769531e+02,4.000000000000000000e+01,4.000000000000000000e+01,7.990999999999999659e+01,5.617999999999999972e+01,3.938000000000000256e+01
1.159965054988861084e+02,4.000000000000000000e+01,4.000000000000000000e+01,8.012999999999999545e+01,5.642000000000000171e+01,3.932999999999999829e+01
1.169956953525543213e+02,4.000000000000000000e+01,4.000000000000000000e+01,8.054000000000000625e+01,5.657000000000000028e+01,3.938000000000000256e+01
1.179981646537780762e+02,4.000000000000000000e+01,4.000000000000000000e+01,8.087999999999999545e+01,5.653999999999999915e+01,3.938000000000000256e+01
1.189986314773559570e+02,4.000000000000000000e+01,4.000000000000000000e+01,8.140000000000000568e+01,5.696000000000000085e+01,3.922999999999999687e+01
1.199966409206390381e+02,4.000000000000000000e+01,4.000000000000000000e+01,8.154000000000000625e+01,5.722999999999999687e+01,3.931000000000000227e+01
1.209977278709411621e+02,4.000000000000000000e+01,4.000000000000000000e+01,8.203000000000000114e+01,5.707999999999999829e+01,3.938000000000000256e+01
1.219980726242065430e+02,4.000000000000000000e+01,4.000000000000000000e+01,8.234999999999999432e+01,5.761999999999999744e+01,3.931000000000000227e+01
1.229971444606781006e+02,4.000000000000000000e+01,4.000000000000000000e+01,8.251999999999999602e+01,5.775999999999999801e+01,3.914000000000000057e+01
1.239929351806640625e+02,4.000000000000000000e+01,4.000000000000000000e+01,8.298000000000000398e+01,5.810999999999999943e+01,3.925999999999999801e+01
1.249956395626068115e+02,4.000000000000000000e+01,4.000000000000000000e+01,8.332999999999999829e+01,5.781000000000000227e+01,3.938000000000000256e+01
1.259921908378601074e+02,4.000000000000000000e+01,4.000000000000000000e+01,8.373999999999999488e+01,5.810999999999999943e+01,3.947999999999999687e+01
1.269950349330902100e+02,4.000000000000000000e+01,4.000000000000000000e+01,8.398000000000000398e+01,5.864000000000000057e+01,3.938000000000000256e+01
1.279946424961090088e+02,4.000000000000000000e+01,4.000000000000000000e+01,8.446999999999999886e+01,5.852000000000000313e+01,3.954999999999999716e+01
1.289968736171722412e+02,4.000000000000000000e+01,4.000000000000000000e+01,8.479000000000000625e+01,5.910999999999999943e+01,3.971999999999999886e+01
1.299982755184173584e+02,4.000000000000000000e+01,4.000000000000000000e+01,8.528000000000000114e+01,5.893999999999999773e+01,3.992000000000000171e+01
1.309921603202819824e+02,4.000000000000000000e+01,4.000000000000000000e+01,8.551999999999999602e+01,5.929999999999999716e+01,4.022999999999999687e+01
1.319967184066772461e+02,4.000000000000000000e+01,4.000000000000000000e+01,8.593999999999999773e+01,5.959000000000000341e+01,4.038000000000000256e+01
1.329913985729217529e+02,4.000000000000000000e+01,4.000000000000000000e+01,8.628000000000000114e+01,5.942000000000000171e+01,4.084000000000000341e+01
1.339966850280761719e+02,4.000000000000000000e+01,4.000000000000000000e+01,8.671999999999999886e+01,5.981000000000000227e+01,4.109000000000000341e+01
1.349944128990173340e+02,4.000000000000000000e+01,4.000000000000000000e+01,8.695999999999999375e+01,5.996000000000000085e+01,4.142999999999999972e+01
1.359962389469146729e+02,4.000000000000000000e+01,4.000000000000000000e+01,8.737999999999999545e+01,6.022999999999999687e+01,4.175000000000000000e+01
1.369998059272766113e+02,4.000000000000000000e+01,4.000000000000000000e+01,8.771999999999999886e+01,6.050000000000000000e+01,4.196999999999999886e+01
1.379923484325408936e+02,4.000000000000000000e+01,4.000000000000000000e+01,8.810999999999999943e+01,6.060000000000000142e+01,4.225999999999999801e+01
1.389979925155639648e+02,4.000000000000000000e+01,4.000000000000000000e+01,8.848000000000000398e+01,6.064000000000000057e+01,4.253000000000000114e+01
1.399959599971771240e+02,4.000000000000000000e+01,4.000000000000000000e+01,8.884000000000000341e+01,6.096000000000000085e+01,4.282000000000000028e+01
1.409955477714538574e+02,4.000000000000000000e+01,4.000000000000000000e+01,8.918000000000000682e+01,6.117999999999999972e+01,4.296999999999999886e+01
1.419953851699829102e+02,4.000000000000000000e+01,4.000000000000000000e+01,8.962000000000000455e+01,6.132999999999999829e+01,4.309000000000000341e+01
1.430004291534423828e+02,4.000000000000000000e+01,4.000000000000000000e+01,8.998999999999999488e+01,6.135000000000000142e+01,4.324000000000000199e+01
1.440023050308227539e+02,4.000000000000000000e+01,4.000000000000000000e+01,9.032999999999999829e+01,6.139999999999999858e+01,4.350999999999999801e+01
1.450070323944091797e+02,4.000000000000000000e+01,4.000000000000000000e+01,9.065000000000000568e+01,6.167000000000000171e+01,4.375000000000000000e+01
1.459983892440795898e+02,4.000000000000000000e+01,4.000000000000000000e+01,9.110999999999999943e+01,6.190999999999999659e+01,4.417000000000000171e+01
1.469964478015899658e+02,4.000000000000000000e+01,4.000000000000000000e+01,9.131000000000000227e+01,6.228000000000000114e+01,4.440999999999999659e+01
1.479985275268554688e+02,4.000000000000000000e+01,4.000000000000000000e+01,9.175000000000000000e+01,6.207999999999999829e+01,4.472999999999999687e+01
1.489993546009063721e+02,4.000000000000000000e+01,4.000000000000000000e+01,9.204000000000000625e+01,6.242999999999999972e+01,4.475000000000000000e+01
1.499904789924621582e+02,4.000000000000000000e+01,4.000000000000000000e+01,9.231000000000000227e+01,6.286999999999999744e+01,4.467999999999999972e+01
1.509824848175048828e+02,4.000000000000000000e+01,4.000000000000000000e+01,9.275000000000000000e+01,6.261999999999999744e+01,4.475000000000000000e+01
1.519786164760589600e+02,4.000000000000000000e+01,4.000000000000000000e+01,9.312000000000000455e+01,6.284000000000000341e+01,4.479999999999999716e+01
1.529749524593353271e+02,4.000000000000000000e+01,4.000000000000000000e+01,9.353000000000000114e+01,6.321000000000000085e+01,4.478000000000000114e+01
1.539801158905029297e+02,4.000000000000000000e+01,4.000000000000000000e+01,9.373000000000000398e+01,6.347999999999999687e+01,4.470000000000000284e+01
1.549800519943237305e+02,4.000000000000000000e+01,4.000000000000000000e+01,9.396999999999999886e+01,6.332999999999999829e+01,4.446000000000000085e+01
1.559818282127380371e+02,4.000000000000000000e+01,4.000000000000000000e+01,9.435999999999999943e+01,6.335000000000000142e+01,4.464999999999999858e+01
1.569800043106079102e+02,4.000000000000000000e+01,4.000000000000000000e+01,9.456000000000000227e+01,6.339999999999999858e+01,4.438000000000000256e+01
1.579793930053710938e+02,4.000000000000000000e+01,4.000000000000000000e+01,9.484999999999999432e+01,6.353000000000000114e+01,4.428999999999999915e+01
1.589799759387969971e+02,4.000000000000000000e+01,4.000000000000000000e+01,9.514000000000000057e+01,6.367000000000000171e+01,4.428999999999999915e+01
1.599819140434265137e+02,4.000000000000000000e+01,4.000000000000000000e+01,9.553000000000000114e+01,6.357000000000000028e+01,4.467999999999999972e+01
1.609857668876647949e+02,4.000000000000000000e+01,4.000000000000000000e+01,9.582999999999999829e+01,6.401000000000000512e+01,4.485000000000000142e+01
1.619816977977752686e+02,4.000000000000000000e+01,4.000000000000000000e+01,9.618999999999999773e+01,6.401000000000000512e+01,4.503999999999999915e+01
1.629827303886413574e+02,4.000000000000000000e+01,4.000000000000000000e+01,9.656000000000000227e+01,6.426000000000000512e+01,4.521000000000000085e+01
1.639881663322448730e+02,4.000000000000000000e+01,4.000000000000000000e+01,9.695000000000000284e+01,6.415999999999999659e+01,4.525999999999999801e+01
1.649784860610961914e+02,4.000000000000000000e+01,4.000000000000000000e+01,9.712000000000000455e+01,6.487000000000000455e+01,4.528999999999999915e+01
1.659798212051391602e+02,4.000000000000000000e+01,4.000000000000000000e+01,9.731000000000000227e+01,6.481999999999999318e+01,4.514000000000000057e+01
1.669773595333099365e+02,4.000000000000000000e+01,4.000000000000000000e+01,9.756000000000000227e+01,6.484000000000000341e+01,4.518999999999999773e+01
1.679812006950378418e+02,4.000000000000000000e+01,4.000000000000000000e+01,9.792000000000000171e+01,6.509000000000000341e+01,4.517000000000000171e+01
1.689859499931335449e+02,4.000000000000000000e+01,4.000000000000000000e+01,9.804999999999999716e+01,6.520999999999999375e+01,4.496999999999999886e+01
1.699905090332031250e+02,4.000000000000000000e+01,4.000000000000000000e+01,9.840999999999999659e+01,6.535999999999999943e+01,4.524000000000000199e+01
1.709966044425964355e+02,4.000000000000000000e+01,4.000000000000000000e+01,9.873000000000000398e+01,6.567000000000000171e+01,4.572999999999999687e+01
1.719926266670227051e+02,4.000000000000000000e+01,4.000000000000000000e+01,9.901999999999999602e+01,6.581999999999999318e+01,4.567999999999999972e+01
1.729942426681518555e+02,4.000000000000000000e+01,4.000000000000000000e+01,9.937000000000000455e+01,6.587000000000000455e+01,4.589999999999999858e+01
1.739933333396911621e+02,4.000000000000000000e+01,4.000000000000000000e+01,9.965999999999999659e+01,6.598999999999999488e+01,4.589999999999999858e+01
1.749956710338592529e+02,4.000000000000000000e+01,4.000000000000000000e+01,9.990000000000000568e+01,6.640999999999999659e+01,4.579999999999999716e+01
1.759946846961975098e+02,4.000000000000000000e+01,4.000000000000000000e+01,1.003400000000000034e+02,6.640999999999999659e+01,4.603999999999999915e+01
1.769933593273162842e+02,4.000000000000000000e+01,4.000000000000000000e+01,1.005600000000000023e+02,6.640999999999999659e+01,4.607000000000000028e+01
1.779860887527465820e+02,4.000000000000000000e+01,4.000000000000000000e+01,1.009800000000000040e+02,6.684999999999999432e+01,4.589999999999999858e+01
1.789813528060913086e+02,4.000000000000000000e+01,4.000000000000000000e+01,1.012699999999999960e+02,6.667000000000000171e+01,4.578000000000000114e+01
1.799796707630157471e+02,4.000000000000000000e+01,4.000000000000000000e+01,1.015400000000000063e+02,6.701999999999999602e+01,4.564999999999999858e+01
1.809846174716949463e+02,4.000000000000000000e+01,4.000000000000000000e+01,1.015400000000000063e+02,6.701999999999999602e+01,4.539000000000000057e+01
1.819759275913238525e+02,4.000000000000000000e+01,4.000000000000000000e+01,1.018599999999999994e+02,6.737999999999999545e+01,4.521000000000000085e+01
1.829814152717590332e+02,4.000000000000000000e+01,4.000000000000000000e+01,1.020799999999999983e+02,6.709000000000000341e+01,4.525999999999999801e+01
1.839839069843292236e+02,4.000000000000000000e+01,4.000000000000000000e+01,1.025400000000000063e+02,6.750000000000000000e+01,4.518999999999999773e+01
1.849838941097259521e+02,4.000000000000000000e+01,4.000000000000000000e+01,1.027800000000000011e+02,6.765000000000000568e+01,4.518999999999999773e+01
1.859819753170013428e+02,4.000000000000000000e+01,4.000000000000000000e+01,1.030000000000000000e+02,6.768000000000000682e+01,4.535999999999999943e+01
1.869818758964538574e+02,4.000000000000000000e+01,4.000000000000000000e+01,1.033400000000000034e+02,6.787000000000000455e+01,4.539000000000000057e+01
1.879798524379730225e+02,4.000000000000000000e+01,4.000000000000000000e+01,1.034200000000000017e+02,6.818999999999999773e+01,4.540999999999999659e+01
1.889818577766418457e+02,4.000000000000000000e+01,4.000000000000000000e+01,1.038299999999999983e+02,6.804000000000000625e+01,4.539000000000000057e+01
1.899816956520080566e+02,4.000000000000000000e+01,4.000000000000000000e+01,1.040799999999999983e+02,6.820999999999999375e+01,4.563000000000000256e+01
1.909803965091705322e+02,4.000000000000000000e+01,4.000000000000000000e+01,1.043700000000000045e+02,6.851000000000000512e+01,4.564999999999999858e+01
1.919806277751922607e+02,4.000000000000000000e+01,4.000000000000000000e+01,1.047900000000000063e+02,6.862999999999999545e+01,4.572999999999999687e+01
1.929799919128417969e+02,4.000000000000000000e+01,4.000000000000000000e+01,1.049300000000000068e+02,6.832999999999999829e+01,4.585000000000000142e+01
1.939849474430084229e+02,4.000000000000000000e+01,4.000000000000000000e+01,1.052999999999999972e+02,6.868000000000000682e+01,4.586999999999999744e+01
1.949821131229400635e+02,4.000000000000000000e+01,4.000000000000000000e+01,1.055699999999999932e+02,6.901999999999999602e+01,4.618999999999999773e+01
1.959809992313385010e+02,4.000000000000000000e+01,4.000000000000000000e+01,1.057600000000000051e+02,6.931000000000000227e+01,4.600000000000000000e+01
1.969750673770904541e+02,4.000000000000000000e+01,4.000000000000000000e+01,1.059800000000000040e+02,6.909000000000000341e+01,4.582999999999999829e+01
1.979758841991424561e+02,4.000000000000000000e+01,4.000000000000000000e+01,1.063199999999999932e+02,6.945999999999999375e+01,4.614000000000000057e+01
1.989796810150146484e+02,4.000000000000000000e+01,4.000000000000000000e+01,1.065400000000000063e+02,6.968000000000000682e+01,4.617000000000000171e+01
1.999796361923217773e+02,4.000000000000000000e+01,4.000000000000000000e+01,1.066400000000000006e+02,6.975000000000000000e+01,4.611999999999999744e+01
2.009830489158630371e+02,4.000000000000000000e+01,4.000000000000000000e+01,1.069300000000000068e+02,6.984999999999999432e+01,4.609000000000000341e+01
2.019793052673339844e+02,4.000000000000000000e+01,4.000000000000000000e+01,1.072000000000000028e+02,6.992000000000000171e+01,4.624000000000000199e+01
2.029781067371368408e+02,4.000000000000000000e+01,4.000000000000000000e+01,1.073499999999999943e+02,7.014000000000000057e+01,4.614000000000000057e+01
2.039817886352539062e+02,4.000000000000000000e+01,4.000000000000000000e+01,1.076899999999999977e+02,7.034000000000000341e+01,4.631000000000000227e+01
2.049833252429962158e+02,4.000000000000000000e+01,4.000000000000000000e+01,1.078900000000000006e+02,7.040999999999999659e+01,4.635999999999999943e+01
2.059797456264495850e+02,4.000000000000000000e+01,4.000000000000000000e+01,1.081299999999999955e+02,7.043000000000000682e+01,4.635999999999999943e+01
2.069823844432830811e+02,4.000000000000000000e+01,4.000000000000000000e+01,1.084000000000000057e+02,7.073000000000000398e+01,4.639000000000000057e+01
2.079798107147216797e+02,4.000000000000000000e+01,4.000000000000000000e+01,1.085900000000000034e+02,7.082999999999999829e+01,4.609000000000000341e+01
2.089783387184143066e+02,4.000000000000000000e+01,4.000000000000000000e+01,1.088100000000000023e+02,7.084999999999999432e+01,4.607000000000000028e+01
2.099820764064788818e+02,4.000000000000000000e+01,4.000000000000000000e+01,1.092000000000000028e+02,7.092000000000000171e+01,4.621999999999999886e+01
2.109816069602966309e+02,4.000000000000000000e+01,4.000000000000000000e+01,1.092500000000000000e+02,7.084999999999999432e+01,4.611999999999999744e+01
2.119813427925109863e+02,4.000000000000000000e+01,4.000000000000000000e+01,1.093799999999999955e+02,7.100000000000000000e+01,4.596999999999999886e+01
2.129722392559051514e+02,4.000000000000000000e+01,4.000000000000000000e+01,1.095900000000000034e+02,7.126000000000000512e+01,4.609000000000000341e+01
2.139693241119384766e+02,4.000000000000000000e+01,4.000000000000000000e+01,1.098400000000000034e+02,7.140999999999999659e+01,4.611999999999999744e+01
2.149726653099060059e+02,4.000000000000000000e+01,4.000000000000000000e+01,1.102099999999999937e+02,7.140999999999999659e+01,4.624000000000000199e+01
2.159634342193603516e+02,4.000000000000000000e+01,4.000000000000000000e+01,1.103499999999999943e+02,7.151000000000000512e+01,4.665999999999999659e+01
2.169640021324157715e+02,4.000000000000000000e+01,4.000000000000000000e+01,1.107900000000000063e+02,7.157999999999999829e+01,4.672999999999999687e+01
2.179649441242218018e+02,4.000000000000000000e+01,4.000000000000000000e+01,1.110100000000000051e+02,7.187999999999999545e+01,4.679999999999999716e+01
2.189617972373962402e+02,4.000000000000000000e+01,4.000000000000000000e+01,1.112999999999999972e+02,7.195000000000000284e+01,4.667999999999999972e+01
2.199539785385131836e+02,4.000000000000000000e+01,4.000000000000000000e+01,1.115999999999999943e+02,7.218999999999999773e+01,4.665999999999999659e+01
2.209502091407775879e+02,4.000000000000000000e+01,4.000000000000000000e+01,1.117399999999999949e+02,7.226999999999999602e+01,4.682999999999999829e+01
2.219516916275024414e+02,4.000000000000000000e+01,4.000000000000000000e+01,1.121599999999999966e+02,7.221999999999999886e+01,4.718999999999999773e+01
2.229570205211639404e+02,4.000000000000000000e+01,4.000000000000000000e+01,1.121800000000000068e+02,7.218999999999999773e+01,4.707000000000000028e+01
2.239481675624847412e+02,4.000000000000000000e+01,4.000000000000000000e+01,1.125000000000000000e+02,7.243999999999999773e+01,4.692000000000000171e+01
2.249459061622619629e+02,4.000000000000000000e+01,4.000000000000000000e+01,1.126500000000000057e+02,7.245999999999999375e+01,4.685000000000000142e+01
2.259504489898681641e+02,4.000000000000000000e+01,4.000000000000000000e+01,1.129599999999999937e+02,7.248999999999999488e+01,4.714000000000000057e+01
2.269558193683624268e+02,4.000000000000000000e+01,4.000000000000000000e+01,1.130900000000000034e+02,7.278000000000000114e+01,4.772999999999999687e+01
2.279572472572326660e+02,4.000000000000000000e+01,4.000000000000000000e+01,1.135499999999999972e+02,7.290000000000000568e+01,4.817000000000000171e+01
2.289485838413238525e+02,4.000000000000000000e+01,4.000000000000000000e+01,1.136700000000000017e+02,7.314000000000000057e+01,4.814000000000000057e+01
2.299508454799652100e+02,4.000000000000000000e+01,4.000000000000000000e+01,1.139599999999999937e+02,7.279999999999999716e+01,4.860999999999999943e+01
2.309485461711883545e+02,4.000000000000000000e+01,4.000000000000000000e+01,1.142099999999999937e+02,7.318999999999999773e+01,4.867999999999999972e+01
2.319472064971923828e+02,4.000000000000000000e+01,4.000000000000000000e+01,1.145300000000000011e+02,7.321999999999999886e+01,4.879999999999999716e+01
2.329478354454040527e+02,4.000000000000000000e+01,4.000000000000000000e+01,1.147000000000000028e+02,7.373000000000000398e+01,4.875000000000000000e+01
2.339466888904571533e+02,4.000000000000000000e+01,4.000000000000000000e+01,1.149399999999999977e+02,7.343999999999999773e+01,4.865999999999999659e+01
2.349449193477630615e+02,4.000000000000000000e+01,4.000000000000000000e+01,1.150600000000000023e+02,7.373000000000000398e+01,4.857999999999999829e+01
2.359488723278045654e+02,4.000000000000000000e+01,4.000000000000000000e+01,1.152099999999999937e+02,7.387999999999999545e+01,4.832000000000000028e+01
2.369521665573120117e+02,4.000000000000000000e+01,4.000000000000000000e+01,1.152800000000000011e+02,7.415000000000000568e+01,4.824000000000000199e+01
2.379475157260894775e+02,4.000000000000000000e+01,4.000000000000000000e+01,1.155300000000000011e+02,7.409999999999999432e+01,4.846000000000000085e+01
2.389506883621215820e+02,4.000000000000000000e+01,4.000000000000000000e+01,1.157999999999999972e+02,7.426999999999999602e+01,4.865999999999999659e+01
2.399472365379333496e+02,4.000000000000000000e+01,4.000000000000000000e+01,1.160600000000000023e+02,7.421999999999999886e+01,4.914999999999999858e+01
2.409485039710998535e+02,4.000000000000000000e+01,4.000000000000000000e+01,1.164099999999999966e+02,7.460999999999999943e+01,4.956000000000000227e+01
2.419499022960662842e+02,4.000000000000000000e+01,4.000000000000000000e+01,1.166500000000000057e+02,7.470999999999999375e+01,4.995000000000000284e+01
2.429485723972320557e+02,4.000000000000000000e+01,4.000000000000000000e+01,1.169699999999999989e+02,7.465999999999999659e+01,4.985000000000000142e+01
2.439497616291046143e+02,4.000000000000000000e+01,4.000000000000000000e+01,1.171599999999999966e+02,7.470999999999999375e+01,5.014999999999999858e+01
2.449542891979217529e+02,4.000000000000000000e+01,4.000000000000000000e+01,1.173299999999999983e+02,7.482999999999999829e+01,5.010000000000000142e+01
2.459458708763122559e+02,4.000000000000000000e+01,4.000000000000000000e+01,1.175499999999999972e+02,7.484999999999999432e+01,5.028999999999999915e+01
2.469477808475494385e+02,4.000000000000000000e+01,4.000000000000000000e+01,1.178199999999999932e+02,7.495000000000000284e+01,5.020000000000000284e+01
2.479427437782287598e+02,4.000000000000000000e+01,4.000000000000000000e+01,1.179000000000000057e+02,7.493000000000000682e+01,5.000000000000000000e+01
2.489412386417388916e+02,4.000000000000000000e+01,4.000000000000000000e+01,1.181599999999999966e+02,7.517000000000000171e+01,4.989999999999999858e+01
2.499407796859741211e+02,4.000000000000000000e+01,4.000000000000000000e+01,1.185100000000000051e+02,7.515000000000000568e+01,5.017000000000000171e+01
2.509391915798187256e+02,4.000000000000000000e+01,4.000000000000000000e+01,1.186500000000000057e+02,7.526999999999999602e+01,5.034000000000000341e+01
2.519416353702545166e+02,4.000000000000000000e+01,4.000000000000000000e+01,1.189200000000000017e+02,7.521999999999999886e+01,5.039000000000000057e+01
2.529412703514099121e+02,4.000000000000000000e+01,4.000000000000000000e+01,1.191200000000000045e+02,7.562999999999999545e+01,5.034000000000000341e+01
2.539426300525665283e+02,4.000000000000000000e+01,4.000000000000000000e+01,1.192399999999999949e+02,7.578000000000000114e+01,5.004999999999999716e+01
2.549330739974975586e+02,4.000000000000000000e+01,4.000000000000000000e+01,1.194599999999999937e+02,7.584999999999999432e+01,4.979999999999999716e+01
2.559311804771423340e+02,4.000000000000000000e+01,4.000000000000000000e+01,1.195300000000000011e+02,7.603000000000000114e+01,4.965999999999999659e+01
2.569326169490814209e+02,4.000000000000000000e+01,4.000000000000000000e+01,1.195799999999999983e+02,7.593000000000000682e+01,4.957999999999999829e+01
2.579344677925109863e+02,4.000000000000000000e+01,4.000000000000000000e+01,1.196800000000000068e+02,7.621999999999999886e+01,4.982999999999999829e+01
2.589375834465026855e+02,4.000000000000000000e+01,4.000000000000000000e+01,1.199200000000000017e+02,7.612000000000000455e+01,5.011999999999999744e+01
2.599436349868774414e+02,4.000000000000000000e+01,4.000000000000000000e+01,1.201700000000000017e+02,7.637000000000000455e+01,5.004999999999999716e+01
2.609341051578521729e+02,4.000000000000000000e+01,4.000000000000000000e+01,1.204599999999999937e+02,7.645999999999999375e+01,5.028999999999999915e+01
2.619310812950134277e+02,4.000000000000000000e+01,4.000000000000000000e+01,1.205300000000000011e+02,7.668000000000000682e+01,5.059000000000000341e+01
2.629318015575408936e+02,4.000000000000000000e+01,4.000000000000000000e+01,1.208499999999999943e+02,7.681000000000000227e+01,5.075999999999999801e+01
2.639289059638977051e+02,4.000000000000000000e+01,4.000000000000000000e+01,1.207999999999999972e+02,7.673000000000000398e+01,5.050999999999999801e+01
2.649279932975769043e+02,4.000000000000000000e+01,4.000000000000000000e+01,1.209699999999999989e+02,7.681000000000000227e+01,5.028999999999999915e+01
2.659313664436340332e+02,4.000000000000000000e+01,4.000000000000000000e+01,1.211400000000000006e+02,7.707999999999999829e+01,5.010000000000000142e+01
2.669320259094238281e+02,4.000000000000000000e+01,4.000000000000000000e+01,1.213900000000000006e+02,7.707999999999999829e+01,5.014999999999999858e+01
2.679287633895874023e+02,4.000000000000000000e+01,4.000000000000000000e+01,1.214800000000000040e+02,7.712000000000000455e+01,5.017000000000000171e+01
2.689293367862701416e+02,4.000000000000000000e+01,4.000000000000000000e+01,1.216599999999999966e+02,7.721999999999999886e+01,5.039000000000000057e+01
2.699345147609710693e+02,4.000000000000000000e+01,4.000000000000000000e+01,1.218299999999999983e+02,7.734000000000000341e+01,5.050999999999999801e+01
2.709315531253814697e+02,4.000000000000000000e+01,4.000000000000000000e+01,1.221400000000000006e+02,7.754000000000000625e+01,5.104999999999999716e+01
2.719223155975341797e+02,4.000000000000000000e+01,4.000000000000000000e+01,1.223400000000000034e+02,7.751000000000000512e+01,5.153999999999999915e+01
2.729163053035736084e+02,4.000000000000000000e+01,4.000000000000000000e+01,1.225300000000000011e+02,7.765999999999999659e+01,5.143999999999999773e+01
2.739201295375823975e+02,4.000000000000000000e+01,4.000000000000000000e+01,1.228299999999999983e+02,7.773000000000000398e+01,5.159000000000000341e+01
2.749216697216033936e+02,4.000000000000000000e+01,4.000000000000000000e+01,1.228799999999999955e+02,7.785999999999999943e+01,5.203000000000000114e+01
2.759196391105651855e+02,4.000000000000000000e+01,4.000000000000000000e+01,1.230499999999999972e+02,7.778000000000000114e+01,5.207999999999999829e+01
2.769211513996124268e+02,4.000000000000000000e+01,4.000000000000000000e+01,1.232900000000000063e+02,7.809999999999999432e+01,5.153999999999999915e+01
2.779257087707519531e+02,4.000000000000000000e+01,4.000000000000000000e+01,1.233599999999999994e+02,7.820000000000000284e+01,5.125000000000000000e+01
2.789302208423614502e+02,4.000000000000000000e+01,4.000000000000000000e+01,1.236599999999999966e+02,7.843999999999999773e+01,5.104999999999999716e+01
2.799327254295349121e+02,4.000000000000000000e+01,4.000000000000000000e+01,1.238799999999999955e+02,7.829999999999999716e+01,5.110000000000000142e+01
2.809355437755584717e+02,4.000000000000000000e+01,4.000000000000000000e+01,1.240000000000000000e+02,7.859000000000000341e+01,5.103000000000000114e+01
2.819336240291595459e+02,4.000000000000000000e+01,4.000000000000000000e+01,1.243400000000000034e+02,7.843999999999999773e+01,5.111999999999999744e+01
2.829320518970489502e+02,4.000000000000000000e+01,4.000000000000000000e+01,1.244399999999999977e+02,7.864000000000000057e+01,5.121999999999999886e+01
2.839340183734893799e+02,4.000000000000000000e+01,4.000000000000000000e+01,1.246299999999999955e+02,7.864000000000000057e+01,5.150999999999999801e+01
2.849362847805023193e+02,4.000000000000000000e+01,4.000000000000000000e+01,1.248299999999999983e+02,7.900000000000000000e+01,5.178000000000000114e+01
2.859322488307952881e+02,4.000000000000000000e+01,4.000000000000000000e+01,1.249800000000000040e+02,7.878000000000000114e+01,5.207999999999999829e+01
2.869378161430358887e+02,4.000000000000000000e+01,4.000000000000000000e+01,1.252699999999999960e+02,7.885999999999999943e+01,5.200000000000000000e+01
2.879324729442596436e+02,4.000000000000000000e+01,4.000000000000000000e+01,1.253400000000000034e+02,7.876000000000000512e+01,5.249000000000000199e+01
2.889294486045837402e+02,4.000000000000000000e+01,4.000000000000000000e+01,1.255100000000000051e+02,7.943999999999999773e+01,5.275999999999999801e+01
2.899205377101898193e+02,4.000000000000000000e+01,4.000000000000000000e+01,1.258100000000000023e+02,7.943999999999999773e+01,5.307999999999999829e+01
2.909189751148223877e+02,4.000000000000000000e+01,4.000000000000000000e+01,1.259500000000000028e+02,7.929999999999999716e+01,5.303000000000000114e+01
2.919158251285552979e+02,4.000000000000000000e+01,4.000000000000000000e+01,1.260699999999999932e+02,7.948999999999999488e+01,5.290999999999999659e+01
2.929117190837860107e+02,4.000000000000000000e+01,4.000000000000000000e+01,1.262199999999999989e+02,7.929999999999999716e+01,5.303000000000000114e+01
2.939162569046020508e+02,4.000000000000000000e+01,4.000000000000000000e+01,1.263199999999999932e+02,7.960999999999999943e+01,5.346999999999999886e+01
2.949162313938140869e+02,4.000000000000000000e+01,4.000000000000000000e+01,1.267099999999999937e+02,7.917000000000000171e+01,5.365999999999999659e+01
2.959181663990020752e+02,4.000000000000000000e+01,4.000000000000000000e+01,1.268100000000000023e+02,7.926999999999999602e+01,5.365999999999999659e+01
2.969170312881469727e+02,4.000000000000000000e+01,4.000000000000000000e+01,1.270999999999999943e+02,7.976000000000000512e+01,5.407999999999999829e+01
2.979139511585235596e+02,4.000000000000000000e+01,4.000000000000000000e+01,1.272699999999999960e+02,7.976000000000000512e+01,5.449000000000000199e+01
2.989176607131958008e+02,4.000000000000000000e+01,4.000000000000000000e+01,1.273900000000000006e+02,7.979000000000000625e+01,5.452000000000000313e+01
2.999208154678344727e+02,4.000000000000000000e+01,4.000000000000000000e+01,1.277800000000000011e+02,7.985999999999999943e+01,5.453999999999999915e+01
3.009190516471862793e+02,4.000000000000000000e+01,4.000000000000000000e+01,1.277300000000000040e+02,8.012999999999999545e+01,5.464000000000000057e+01
3.019156422615051270e+02,4.000000000000000000e+01,4.000000000000000000e+01,1.280300000000000011e+02,8.037000000000000455e+01,5.492999999999999972e+01
3.029213819503784180e+02,4.000000000000000000e+01,4.000000000000000000e+01,1.282500000000000000e+02,8.018000000000000682e+01,5.503000000000000114e+01
3.039119508266448975e+02,4.000000000000000000e+01,4.000000000000000000e+01,1.283700000000000045e+02,8.026999999999999602e+01,5.549000000000000199e+01
3.049101407527923584e+02,4.000000000000000000e+01,4.000000000000000000e+01,1.285900000000000034e+02,8.056999999999999318e+01,5.536999999999999744e+01
3.059153933525085449e+02,4.000000000000000000e+01,4.000000000000000000e+01,1.286899999999999977e+02,8.073999999999999488e+01,5.517999999999999972e+01
3.069196231365203857e+02,4.000000000000000000e+01,4.000000000000000000e+01,1.288600000000000136e+02,8.103000000000000114e+01,5.532000000000000028e+01
3.079193694591522217e+02,4.000000000000000000e+01,4.000000000000000000e+01,1.291699999999999875e+02,8.090999999999999659e+01,5.549000000000000199e+01
3.089116501808166504e+02,4.000000000000000000e+01,4.000000000000000000e+01,1.291999999999999886e+02,8.081000000000000227e+01,5.596000000000000085e+01
3.099146370887756348e+02,4.000000000000000000e+01,4.000000000000000000e+01,1.293899999999999864e+02,8.095999999999999375e+01,5.613000000000000256e+01
3.109166038036346436e+02,4.000000000000000000e+01,4.000000000000000000e+01,1.296599999999999966e+02,8.081000000000000227e+01,5.610000000000000142e+01
3.119196209907531738e+02,4.000000000000000000e+01,4.000000000000000000e+01,1.297400000000000091e+02,8.112999999999999545e+01,5.636999999999999744e+01
3.129221749305725098e+02,4.000000000000000000e+01,4.000000000000000000e+01,1.300800000000000125e+02,8.131999999999999318e+01,5.690999999999999659e+01
3.139239501953125000e+02,4.000000000000000000e+01,4.000000000000000000e+01,1.301800000000000068e+02,8.137000000000000455e+01,5.688000000000000256e+01
3.149197874069213867e+02,4.000000000000000000e+01,4.000000000000000000e+01,1.303499999999999943e+02,8.123000000000000398e+01,5.690999999999999659e+01
3.159201867580413818e+02,4.000000000000000000e+01,4.000000000000000000e+01,1.306399999999999864e+02,8.142000000000000171e+01,5.690999999999999659e+01
3.169189944267272949e+02,4.000000000000000000e+01,4.000000000000000000e+01,1.306399999999999864e+02,8.151999999999999602e+01,5.685999999999999943e+01
3.179183201789855957e+02,4.000000000000000000e+01,4.000000000000000000e+01,1.308799999999999955e+02,8.123000000000000398e+01,5.717999999999999972e+01
3.189132070541381836e+02,4.000000000000000000e+01,4.000000000000000000e+01,1.311299999999999955e+02,8.167000000000000171e+01,5.750000000000000000e+01
3.199133496284484863e+02,4.000000000000000000e+01,4.000000000000000000e+01,1.310999999999999943e+02,8.187999999999999545e+01,5.789000000000000057e+01
3.209176084995269775e+02,4.000000000000000000e+01,4.000000000000000000e+01,1.314000000000000057e+02,8.201000000000000512e+01,5.829999999999999716e+01
3.219195508956909180e+02,4.000000000000000000e+01,4.000000000000000000e+01,1.316399999999999864e+02,8.184000000000000341e+01,5.845000000000000284e+01
3.229210174083709717e+02,4.000000000000000000e+01,4.000000000000000000e+01,1.317400000000000091e+02,8.193000000000000682e+01,5.885999999999999943e+01
3.239123151302337646e+02,4.000000000000000000e+01,4.000000000000000000e+01,1.320099999999999909e+02,8.209999999999999432e+01,5.890999999999999659e+01
3.249040675163269043e+02,4.000000000000000000e+01,4.000000000000000000e+01,1.320999999999999943e+02,8.237000000000000455e+01,5.890999999999999659e+01
3.259054205417633057e+02,4.000000000000000000e+01,4.000000000000000000e+01,1.321999999999999886e+02,8.234999999999999432e+01,5.917999999999999972e+01
3.269029324054718018e+02,4.000000000000000000e+01,4.000000000000000000e+01,1.325699999999999932e+02,8.220000000000000284e+01,5.959000000000000341e+01
3.278977956771850586e+02,4.000000000000000000e+01,4.000000000000000000e+01,1.324699999999999989e+02,8.250000000000000000e+01,5.978999999999999915e+01
3.288998136520385742e+02,4.000000000000000000e+01,4.000000000000000000e+01,1.327899999999999920e+02,8.256999999999999318e+01,6.022999999999999687e+01
3.299017722606658936e+02,4.000000000000000000e+01,4.000000000000000000e+01,1.331100000000000136e+02,8.256999999999999318e+01,6.025000000000000000e+01
3.309040555953979492e+02,4.000000000000000000e+01,4.000000000000000000e+01,1.329799999999999898e+02,8.281000000000000227e+01,6.028000000000000114e+01
3.319026756286621094e+02,4.000000000000000000e+01,4.000000000000000000e+01,1.333000000000000114e+02,8.276000000000000512e+01,6.042000000000000171e+01
3.329044828414916992e+02,4.000000000000000000e+01,4.000000000000000000e+01,1.334000000000000057e+02,8.279000000000000625e+01,6.074000000000000199e+01
3.338982572555541992e+02,4.000000000000000000e+01,4.000000000000000000e+01,1.335900000000000034e+02,8.303000000000000114e+01,6.100999999999999801e+01
3.348889720439910889e+02,4.000000000000000000e+01,4.000000000000000000e+01,1.338400000000000034e+02,8.306000000000000227e+01,6.128000000000000114e+01
3.358897092342376709e+02,4.000000000000000000e+01,4.000000000000000000e+01,1.340800000000000125e+02,8.318000000000000682e+01,6.157000000000000028e+01
3.368859326839447021e+02,4.000000000000000000e+01,4.000000000000000000e+01,1.341299999999999955e+02,8.323000000000000398e+01,6.182000000000000028e+01
3.378899118900299072e+02,4.000000000000000000e+01,4.000000000000000000e+01,1.344699999999999989e+02,8.325000000000000000e+01,6.178999999999999915e+01
3.388961369991302490e+02,4.000000000000000000e+01,4.000000000000000000e+01,1.345699999999999932e+02,8.329999999999999716e+01,6.135000000000000142e+01
3.398918700218200684e+02,4.000000000000000000e+01,4.000000000000000000e+01,1.345900000000000034e+02,8.323000000000000398e+01,6.139999999999999858e+01
3.408856980800628662e+02,4.000000000000000000e+01,4.000000000000000000e+01,1.347400000000000091e+02,8.359000000000000341e+01,6.157000000000000028e+01
3.418844509124755859e+02,4.000000000000000000e+01,4.000000000000000000e+01,1.350099999999999909e+02,8.379000000000000625e+01,6.177000000000000313e+01
3.428840157985687256e+02,4.000000000000000000e+01,4.000000000000000000e+01,1.350099999999999909e+02,8.395999999999999375e+01,6.177000000000000313e+01
3.438855929374694824e+02,4.000000000000000000e+01,4.000000000000000000e+01,1.349399999999999977e+02,8.390999999999999659e+01,6.122999999999999687e+01
3.448852572441101074e+02,4.000000000000000000e+01,4.000000000000000000e+01,1.344499999999999886e+02,8.373999999999999488e+01,6.132999999999999829e+01
3.458865959644317627e+02,4.000000000000000000e+01,4.000000000000000000e+01,1.337599999999999909e+02,8.393999999999999773e+01,6.129999999999999716e+01
3.468860061168670654e+02,4.000000000000000000e+01,4.000000000000000000e+01,1.340099999999999909e+02,8.390999999999999659e+01,6.132999999999999829e+01
3.478837778568267822e+02,4.000000000000000000e+01,4.000000000000000000e+01,1.341299999999999955e+02,8.412999999999999545e+01,6.125000000000000000e+01
3.488840177059173584e+02,4.000000000000000000e+01,4.000000000000000000e+01,1.345900000000000034e+02,8.412999999999999545e+01,6.152000000000000313e+01
3.498742172718048096e+02,4.000000000000000000e+01,4.000000000000000000e+01,1.349399999999999977e+02,8.398000000000000398e+01,6.129999999999999716e+01
3.508687272071838379e+02,4.000000000000000000e+01,4.000000000000000000e+01,1.351100000000000136e+02,8.373999999999999488e+01,6.082000000000000028e+01
3.518691143989562988e+02,4.000000000000000000e+01,4.000000000000000000e+01,1.354499999999999886e+02,8.389000000000000057e+01,6.054999999999999716e+01
3.528687894344329834e+02,4.000000000000000000e+01,4.000000000000000000e+01,1.355000000000000000e+02,8.412999999999999545e+01,6.029999999999999716e+01
3.538599545955657959e+02,4.000000000000000000e+01,4.000000000000000000e+01,1.355500000000000114e+02,8.371999999999999886e+01,5.996000000000000085e+01
3.548571403026580811e+02,4.000000000000000000e+01,4.000000000000000000e+01,1.331299999999999955e+02,8.315000000000000568e+01,5.867000000000000171e+01
3.558561162948608398e+02,4.000000000000000000e+01,4.000000000000000000e+01,1.327899999999999920e+02,8.298000000000000398e+01,5.800999999999999801e+01
3.568606564998626709e+02,4.000000000000000000e+01,4.000000000000000000e+01,1.330099999999999909e+02,8.285999999999999943e+01,5.807999999999999829e+01
3.578644781112670898e+02,4.000000000000000000e+01,4.000000000000000000e+01,1.331800000000000068e+02,8.290999999999999659e+01,5.835000000000000142e+01
3.588565289974212646e+02,4.000000000000000000e+01,4.000000000000000000e+01,1.335000000000000000e+02,8.284000000000000341e+01,5.781000000000000227e+01
3.598534834384918213e+02,4.000000000000000000e+01,4.000000000000000000e+01,1.335900000000000034e+02,8.289000000000000057e+01,5.790999999999999659e+01
3.608574042320251465e+02,4.000000000000000000e+01,4.000000000000000000e+01,1.336399999999999864e+02,8.293000000000000682e+01,5.789000000000000057e+01
3.618583035469055176e+02,4.000000000000000000e+01,4.000000000000000000e+01,1.337899999999999920e+02,8.293000000000000682e+01,5.753999999999999915e+01
3.628579006195068359e+02,4.000000000000000000e+01,4.000000000000000000e+01,1.340300000000000011e+02,8.303000000000000114e+01,5.732000000000000028e+01
3.638571774959564209e+02,4.000000000000000000e+01,4.000000000000000000e+01,1.342500000000000000e+02,8.281000000000000227e+01,5.790999999999999659e+01
3.648558287620544434e+02,4.000000000000000000e+01,4.000000000000000000e+01,1.344699999999999989e+02,8.303000000000000114e+01,5.803000000000000114e+01
3.658547308444976807e+02,4.000000000000000000e+01,4.000000000000000000e+01,1.345900000000000034e+02,8.301000000000000512e+01,5.825000000000000000e+01
3.668526005744934082e+02,4.000000000000000000e+01,4.000000000000000000e+01,1.348899999999999864e+02,8.310999999999999943e+01,5.839999999999999858e+01
3.678549907207489014e+02,4.000000000000000000e+01,4.000000000000000000e+01,1.349900000000000091e+02,8.328000000000000114e+01,5.835000000000000142e+01
3.688526327610015869e+02,4.000000000000000000e+01,4.000000000000000000e+01,1.351599999999999966e+02,8.325000000000000000e+01,5.861999999999999744e+01
3.698568246364593506e+02,4.000000000000000000e+01,4.000000000000000000e+01,1.355500000000000114e+02,8.328000000000000114e+01,5.885999999999999943e+01
3.708495371341705322e+02,4.000000000000000000e+01,4.000000000000000000e+01,1.355500000000000114e+02,8.340000000000000568e+01,5.878999999999999915e+01
3.718537106513977051e+02,4.000000000000000000e+01,4.000000000000000000e+01,1.356200000000000045e+02,8.367000000000000171e+01,5.935000000000000142e+01
3.728576815128326416e+02,4.000000000000000000e+01,4.000000000000000000e+01,1.360099999999999909e+02,8.393999999999999773e+01,5.957000000000000028e+01
3.738514750003814697e+02,4.000000000000000000e+01,4.000000000000000000e+01,1.360800000000000125e+02,8.359000000000000341e+01,5.977000000000000313e+01
3.748526751995086670e+02,4.000000000000000000e+01,4.000000000000000000e+01,1.361299999999999955e+02,8.393999999999999773e+01,5.999000000000000199e+01
3.758542716503143311e+02,4.000000000000000000e+01,4.000000000000000000e+01,1.365000000000000000e+02,8.367000000000000171e+01,6.038000000000000256e+01
3.768544797897338867e+02,4.000000000000000000e+01,4.000000000000000000e+01,1.365000000000000000e+02,8.395999999999999375e+01,6.064000000000000057e+01
3.778530871868133545e+02,4.000000000000000000e+01,4.000000000000000000e+01,1.366899999999999977e+02,8.393999999999999773e+01,6.050000000000000000e+01
3.788530826568603516e+02,4.000000000000000000e+01,4.000000000000000000e+01,1.369399999999999977e+02,8.373999999999999488e+01,6.035000000000000142e+01
3.798581910133361816e+02,4.000000000000000000e+01,4.000000000000000000e+01,1.370600000000000023e+02,8.384000000000000341e+01,6.015999999999999659e+01
3.808591127395629883e+02,4.000000000000000000e+01,4.000000000000000000e+01,1.373499999999999943e+02,8.389000000000000057e+01,5.999000000000000199e+01
3.818595032691955566e+02,4.000000000000000000e+01,4.000000000000000000e+01,1.375000000000000000e+02,8.389000000000000057e+01,5.978999999999999915e+01
3.828585331439971924e+02,4.000000000000000000e+01,4.000000000000000000e+01,1.375500000000000114e+02,8.410999999999999943e+01,5.938000000000000256e+01
3.838525106906890869e+02,4.000000000000000000e+01,4.000000000000000000e+01,1.377400000000000091e+02,8.395999999999999375e+01,5.913000000000000256e+01
3.848555471897125244e+02,4.000000000000000000e+01,4.000000000000000000e+01,1.379900000000000091e+02,8.395999999999999375e+01,5.885999999999999943e+01
3.858614804744720459e+02,4.000000000000000000e+01,4.000000000000000000e+01,1.380399999999999920e+02,8.410999999999999943e+01,5.885999999999999943e+01
3.868572223186492920e+02,4.000000000000000000e+01,4.000000000000000000e+01,1.382599999999999909e+02,8.406000000000000227e+01,5.889000000000000057e+01
3.878597345352172852e+02,4.000000000000000000e+01,4.000000000000000000e+01,1.383300000000000125e+02,8.445000000000000284e+01,5.929999999999999716e+01
3.888565268516540527e+02,4.000000000000000000e+01,4.000000000000000000e+01,1.383799999999999955e+02,8.437999999999999545e+01,5.974000000000000199e+01
3.898559918403625488e+02,4.000000000000000000e+01,4.000000000000000000e+01,1.385699999999999932e+02,8.429999999999999716e+01,5.952000000000000313e+01
3.908570227622985840e+02,4.000000000000000000e+01,4.000000000000000000e+01,1.385999999999999943e+02,8.418000000000000682e+01,5.929999999999999716e+01
3.918524024486541748e+02,4.000000000000000000e+01,4.000000000000000000e+01,1.388899999999999864e+02,8.423000000000000398e+01,5.910999999999999943e+01
3.928450756072998047e+02,4.000000000000000000e+01,4.000000000000000000e+01,1.389399999999999977e+02,8.410999999999999943e+01,5.889000000000000057e+01
3.938463189601898193e+02,4.000000000000000000e+01,4.000000000000000000e+01,1.389900000000000091e+02,8.445000000000000284e+01,5.852000000000000313e+01
3.948478920459747314e+02,4.000000000000000000e+01,4.000000000000000000e+01,1.393600000000000136e+02,8.434999999999999432e+01,5.889000000000000057e+01
3.958396818637847900e+02,4.000000000000000000e+01,4.000000000000000000e+01,1.394300000000000068e+02,8.473999999999999488e+01,5.885999999999999943e+01
3.968426682949066162e+02,4.000000000000000000e+01,4.000000000000000000e+01,1.393300000000000125e+02,8.440000000000000568e+01,5.874000000000000199e+01
3.978391435146331787e+02,4.000000000000000000e+01,4.000000000000000000e+01,1.394499999999999886e+02,8.464000000000000057e+01,5.832999999999999829e+01
3.988413097858428955e+02,4.000000000000000000e+01,4.000000000000000000e+01,1.395999999999999943e+02,8.456999999999999318e+01,5.832999999999999829e+01
3.998381252288818359e+02,4.000000000000000000e+01,4.000000000000000000e+01,1.398899999999999864e+02,8.445000000000000284e+01,5.797999999999999687e+01
4.008385894298553467e+02,4.000000000000000000e+01,4.000000000000000000e+01,1.397700000000000102e+02,8.464000000000000057e+01,5.785999999999999943e+01
4.018414964675903320e+02,4.000000000000000000e+01,4.000000000000000000e+01,1.398899999999999864e+02,8.485999999999999943e+01,5.781000000000000227e+01
4.028439402580261230e+02,4.000000000000000000e+01,4.000000000000000000e+01,1.401899999999999977e+02,8.473999999999999488e+01,5.775999999999999801e+01
4.038488957881927490e+02,4.000000000000000000e+01,4.000000000000000000e+01,1.403300000000000125e+02,8.481000000000000227e+01,5.764000000000000057e+01
4.048539140224456787e+02,4.000000000000000000e+01,4.000000000000000000e+01,1.404300000000000068e+02,8.479000000000000625e+01,5.739999999999999858e+01
4.058543033599853516e+02,4.000000000000000000e+01,4.000000000000000000e+01,1.404300000000000068e+02,8.489000000000000057e+01,5.720000000000000284e+01
4.068554461002349854e+02,4.000000000000000000e+01,4.000000000000000000e+01,1.405800000000000125e+02,8.485999999999999943e+01,5.697999999999999687e+01
4.078550753593444824e+02,4.000000000000000000e+01,4.000000000000000000e+01,1.408199999999999932e+02,8.501000000000000512e+01,5.684000000000000341e+01
4.088540277481079102e+02,4.000000000000000000e+01,4.000000000000000000e+01,1.409199999999999875e+02,8.485999999999999943e+01,5.722999999999999687e+01
4.098581521511077881e+02,4.000000000000000000e+01,4.000000000000000000e+01,1.409399999999999977e+02,8.529999999999999716e+01,5.757000000000000028e+01
4.108557622432708740e+02,4.000000000000000000e+01,4.000000000000000000e+01,1.410200000000000102e+02,8.520999999999999375e+01,5.745000000000000284e+01
4.118586554527282715e+02,4.000000000000000000e+01,4.000000000000000000e+01,1.411399999999999864e+02,8.512999999999999545e+01,5.789000000000000057e+01
4.128565492630004883e+02,4.000000000000000000e+01,4.000000000000000000e+01,1.413300000000000125e+02,8.525000000000000000e+01,5.781000000000000227e+01
4.138540494441986084e+02,4.000000000000000000e+01,4.000000000000000000e+01,1.414099999999999966e+02,8.540000000000000568e+01,5.745000000000000284e+01
4.148558413982391357e+02,4.000000000000000000e+01,4.000000000000000000e+01,1.413799999999999955e+02,8.528000000000000114e+01,5.739999999999999858e+01
4.158555376529693604e+02,4.000000000000000000e+01,4.000000000000000000e+01,1.415000000000000000e+02,8.534999999999999432e+01,5.706000000000000227e+01
4.168521649837493896e+02,4.000000000000000000e+01,4.000000000000000000e+01,1.416699999999999875e+02,8.551999999999999602e+01,5.739999999999999858e+01
4.178559811115264893e+02,4.000000000000000000e+01,4.000000000000000000e+01,1.418199999999999932e+02,8.532999999999999829e+01,5.742000000000000171e+01
4.188597552776336670e+02,4.000000000000000000e+01,4.000000000000000000e+01,1.418700000000000045e+02,8.545000000000000284e+01,5.739999999999999858e+01
4.198534638881683350e+02,4.000000000000000000e+01,4.000000000000000000e+01,1.418700000000000045e+02,8.590999999999999659e+01,5.739999999999999858e+01
4.208563299179077148e+02,4.000000000000000000e+01,4.000000000000000000e+01,1.418499999999999943e+02,8.584000000000000341e+01,5.761999999999999744e+01
4.218528926372528076e+02,4.000000000000000000e+01,4.000000000000000000e+01,1.418499999999999943e+02,8.590999999999999659e+01,5.800999999999999801e+01
4.228531832695007324e+02,4.000000000000000000e+01,4.000000000000000000e+01,1.420699999999999932e+02,8.581999999999999318e+01,5.839999999999999858e+01
4.238559939861297607e+02,4.000000000000000000e+01,4.000000000000000000e+01,1.423100000000000023e+02,8.589000000000000057e+01,5.885999999999999943e+01
4.248552703857421875e+02,4.000000000000000000e+01,4.000000000000000000e+01,1.424099999999999966e+02,8.598999999999999488e+01,5.932999999999999829e+01
4.258557975292205811e+02,4.000000000000000000e+01,4.000000000000000000e+01,1.423100000000000023e+02,8.625000000000000000e+01,5.968999999999999773e+01
4.268577108383178711e+02,4.000000000000000000e+01,4.000000000000000000e+01,1.424799999999999898e+02,8.618000000000000682e+01,5.985999999999999943e+01
4.278509292602539062e+02,4.000000000000000000e+01,4.000000000000000000e+01,1.428499999999999943e+02,8.610999999999999943e+01,6.003000000000000114e+01
4.288487191200256348e+02,4.000000000000000000e+01,4.000000000000000000e+01,1.429000000000000057e+02,8.610999999999999943e+01,6.029999999999999716e+01
4.298463277816772461e+02,4.000000000000000000e+01,4.000000000000000000e+01,1.428199999999999932e+02,8.607999999999999829e+01,6.035000000000000142e+01
4.308482434749603271e+02,4.000000000000000000e+01,4.000000000000000000e+01,1.429900000000000091e+02,8.643000000000000682e+01,6.038000000000000256e+01
4.318536500930786133e+02,4.000000000000000000e+01,4.000000000000000000e+01,1.432100000000000080e+02,8.620999999999999375e+01,6.038000000000000256e+01
4.328541657924652100e+02,4.000000000000000000e+01,4.000000000000000000e+01,1.432899999999999920e+02,8.645000000000000284e+01,5.977000000000000313e+01
4.338596699237823486e+02,4.000000000000000000e+01,4.000000000000000000e+01,1.432899999999999920e+02,8.645000000000000284e+01,5.974000000000000199e+01
4.348602051734924316e+02,4.000000000000000000e+01,4.000000000000000000e+01,1.434099999999999966e+02,8.629999999999999716e+01,5.989000000000000057e+01
4.358647236824035645e+02,4.000000000000000000e+01,4.000000000000000000e+01,1.434600000000000080e+02,8.643000000000000682e+01,6.025000000000000000e+01
4.368712074756622314e+02,4.000000000000000000e+01,4.000000000000000000e+01,1.437299999999999898e+02,8.676999999999999602e+01,6.035000000000000142e+01
4.378711066246032715e+02,4.000000000000000000e+01,4.000000000000000000e+01,1.436500000000000057e+02,8.676999999999999602e+01,6.071999999999999886e+01
4.388717453479766846e+02,4.000000000000000000e+01,4.000000000000000000e+01,1.438199999999999932e+02,8.681999999999999318e+01,6.093999999999999773e+01
4.398741037845611572e+02,4.000000000000000000e+01,4.000000000000000000e+01,1.438700000000000045e+02,8.662000000000000455e+01,6.135000000000000142e+01
4.408767964839935303e+02,4.000000000000000000e+01,4.000000000000000000e+01,1.440200000000000102e+02,8.689000000000000057e+01,6.146999999999999886e+01
4.418804082870483398e+02,4.000000000000000000e+01,4.000000000000000000e+01,1.441200000000000045e+02,8.687000000000000455e+01,6.178999999999999915e+01
4.428815186023712158e+02,4.000000000000000000e+01,4.000000000000000000e+01,1.443100000000000023e+02,8.684000000000000341e+01,6.174000000000000199e+01
4.438839673995971680e+02,4.000000000000000000e+01,4.000000000000000000e+01,1.443400000000000034e+02,8.698999999999999488e+01,6.182000000000000028e+01
4.448842036724090576e+02,4.000000000000000000e+01,4.000000000000000000e+01,1.442899999999999920e+02,8.737999999999999545e+01,6.207999999999999829e+01
4.458888771533966064e+02,4.000000000000000000e+01,4.000000000000000000e+01,1.444600000000000080e+02,8.718000000000000682e+01,6.196000000000000085e+01
4.468833305835723877e+02,4.000000000000000000e+01,4.000000000000000000e+01,1.448000000000000114e+02,8.665000000000000568e+01,6.182000000000000028e+01
4.478869986534118652e+02,4.000000000000000000e+01,4.000000000000000000e+01,1.448499999999999943e+02,8.668999999999999773e+01,6.145000000000000284e+01
4.488846905231475830e+02,4.000000000000000000e+01,4.000000000000000000e+01,1.449699999999999989e+02,8.667000000000000171e+01,6.138000000000000256e+01
4.498865425586700439e+02,4.000000000000000000e+01,4.000000000000000000e+01,1.451899999999999977e+02,8.701000000000000512e+01,6.174000000000000199e+01
4.508906638622283936e+02,4.000000000000000000e+01,4.000000000000000000e+01,1.452100000000000080e+02,8.698999999999999488e+01,6.177000000000000313e+01
4.518967103958129883e+02,4.000000000000000000e+01,4.000000000000000000e+01,1.452400000000000091e+02,8.729999999999999716e+01,6.168999999999999773e+01
4.529029927253723145e+02,4.000000000000000000e+01,4.000000000000000000e+01,1.453600000000000136e+02,8.723000000000000398e+01,6.184000000000000341e+01
4.538997900485992432e+02,4.000000000000000000e+01,4.000000000000000000e+01,1.453899999999999864e+02,8.707999999999999829e+01,6.164999999999999858e+01
4.548995933532714844e+02,4.000000000000000000e+01,4.000000000000000000e+01,1.455600000000000023e+02,8.737999999999999545e+01,6.122999999999999687e+01
4.558983557224273682e+02,4.000000000000000000e+01,4.000000000000000000e+01,1.456100000000000136e+02,8.737999999999999545e+01,6.067000000000000171e+01
4.569010293483734131e+02,4.000000000000000000e+01,4.000000000000000000e+01,1.457299999999999898e+02,8.729999999999999716e+01,6.032999999999999829e+01
4.579008779525756836e+02,4.000000000000000000e+01,4.000000000000000000e+01,1.457299999999999898e+02,8.729999999999999716e+01,6.003000000000000114e+01
4.589029223918914795e+02,4.000000000000000000e+01,4.000000000000000000e+01,1.458000000000000114e+02,8.737999999999999545e+01,6.006000000000000227e+01
4.599005222320556641e+02,4.000000000000000000e+01,4.000000000000000000e+01,1.457800000000000011e+02,8.737999999999999545e+01,5.964000000000000057e+01
4.609018187522888184e+02,4.000000000000000000e+01,4.000000000000000000e+01,1.458000000000000114e+02,8.704000000000000625e+01,5.938000000000000256e+01
4.619032387733459473e+02,4.000000000000000000e+01,4.000000000000000000e+01,1.458300000000000125e+02,8.728000000000000114e+01,5.903000000000000114e+01
4.629030935764312744e+02,4.000000000000000000e+01,4.000000000000000000e+01,1.460000000000000000e+02,8.723000000000000398e+01,5.889000000000000057e+01
4.639020104408264160e+02,4.000000000000000000e+01,4.000000000000000000e+01,1.458499999999999943e+02,8.737999999999999545e+01,5.875999999999999801e+01
4.649014499187469482e+02,4.000000000000000000e+01,4.000000000000000000e+01,1.459699999999999989e+02,8.720999999999999375e+01,5.885999999999999943e+01
4.659053990840911865e+02,4.000000000000000000e+01,4.000000000000000000e+01,1.457299999999999898e+02,8.732999999999999829e+01,5.850000000000000000e+01
4.669024140834808350e+02,4.000000000000000000e+01,4.000000000000000000e+01,1.460399999999999920e+02,8.740000000000000568e+01,5.852000000000000313e+01
4.679073946475982666e+02,4.000000000000000000e+01,4.000000000000000000e+01,1.460200000000000102e+02,8.740000000000000568e+01,5.842000000000000171e+01
4.689129981994628906e+02,4.000000000000000000e+01,4.000000000000000000e+01,1.462199999999999989e+02,8.695999999999999375e+01,5.842000000000000171e+01
4.699122953414916992e+02,4.000000000000000000e+01,4.000000000000000000e+01,1.461200000000000045e+02,8.743000000000000682e+01,5.859000000000000341e+01
4.709159300327301025e+02,4.000000000000000000e+01,4.000000000000000000e+01,1.462400000000000091e+02,8.707999999999999829e+01,5.885999999999999943e+01
4.719067871570587158e+02,4.000000000000000000e+01,4.000000000000000000e+01,1.462400000000000091e+02,8.740000000000000568e+01,5.929999999999999716e+01
4.728986837863922119e+02,4.000000000000000000e+01,4.000000000000000000e+01,1.463600000000000136e+02,8.732999999999999829e+01,5.932999999999999829e+01
4.738998951911926270e+02,4.000000000000000000e+01,4.000000000000000000e+01,1.466100000000000136e+02,8.740000000000000568e+01,5.907999999999999829e+01
4.749025084972381592e+02,4.000000000000000000e+01,4.000000000000000000e+01,1.467800000000000011e+02,8.729999999999999716e+01,5.928000000000000114e+01
4.758994247913360596e+02,4.000000000000000000e+01,4.000000000000000000e+01,1.468499999999999943e+02,8.737999999999999545e+01,5.938000000000000256e+01
4.769027733802795410e+02,4.000000000000000000e+01,4.000000000000000000e+01,1.471699999999999875e+02,8.748000000000000398e+01,5.957000000000000028e+01
4.779026703834533691e+02,4.000000000000000000e+01,4.000000000000000000e+01,1.472400000000000091e+02,8.737999999999999545e+01,5.942000000000000171e+01
4.788980236053466797e+02,4.000000000000000000e+01,4.000000000000000000e+01,1.472400000000000091e+02,8.748000000000000398e+01,5.946999999999999886e+01
4.798944149017333984e+02,4.000000000000000000e+01,4.000000000000000000e+01,1.474399999999999977e+02,8.762000000000000455e+01,5.978999999999999915e+01
4.808870723247528076e+02,4.000000000000000000e+01,4.000000000000000000e+01,1.477100000000000080e+02,8.765000000000000568e+01,6.032999999999999829e+01
4.818813421726226807e+02,4.000000000000000000e+01,4.000000000000000000e+01,1.478000000000000114e+02,8.771999999999999886e+01,6.050000000000000000e+01
4.828744630813598633e+02,4.000000000000000000e+01,4.000000000000000000e+01,1.478499999999999943e+02,8.779000000000000625e+01,6.039999999999999858e+01
4.838670699596405029e+02,4.000000000000000000e+01,4.000000000000000000e+01,1.480200000000000102e+02,8.737999999999999545e+01,6.077000000000000313e+01
4.848584179878234863e+02,4.000000000000000000e+01,4.000000000000000000e+01,1.482400000000000091e+02,8.781999999999999318e+01,6.100999999999999801e+01
4.858637046813964844e+02,4.000000000000000000e+01,4.000000000000000000e+01,1.481699999999999875e+02,8.781999999999999318e+01,6.154999999999999716e+01
4.868651728630065918e+02,4.000000000000000000e+01,4.000000000000000000e+01,1.483199999999999932e+02,8.770000000000000284e+01,6.182000000000000028e+01
4.878685967922210693e+02,4.000000000000000000e+01,4.000000000000000000e+01,1.483600000000000136e+02,8.831000000000000227e+01,6.190999999999999659e+01
4.888701863288879395e+02,4.000000000000000000e+01,4.000000000000000000e+01,1.484900000000000091e+02,8.828000000000000114e+01,6.193999999999999773e+01
4.898704705238342285e+02,4.000000000000000000e+01,4.000000000000000000e+01,1.485800000000000125e+02,8.812999999999999545e+01,6.178999999999999915e+01
4.908706133365631104e+02,4.000000000000000000e+01,4.000000000000000000e+01,1.485399999999999920e+02,8.826000000000000512e+01,6.177000000000000313e+01
4.918710048198699951e+02,4.000000000000000000e+01,4.000000000000000000e+01,1.486800000000000068e+02,8.837999999999999545e+01,6.228000000000000114e+01
4.928741607666015625e+02,4.000000000000000000e+01,4.000000000000000000e+01,1.487500000000000000e+02,8.854999999999999716e+01,6.247999999999999687e+01
4.938728837966918945e+02,4.000000000000000000e+01,4.000000000000000000e+01,1.489300000000000068e+02,8.854999999999999716e+01,6.278999999999999915e+01
4.948706691265106201e+02,4.000000000000000000e+01,4.000000000000000000e+01,1.490699999999999932e+02,8.862000000000000455e+01,6.284000000000000341e+01
4.958668739795684814e+02,4.000000000000000000e+01,4.000000000000000000e+01,1.491899999999999977e+02,8.840000000000000568e+01,6.313000000000000256e+01
4.968710794448852539e+02,4.000000000000000000e+01,4.000000000000000000e+01,1.492899999999999920e+02,8.854999999999999716e+01,6.331000000000000227e+01
4.978717885017395020e+02,4.000000000000000000e+01,4.000000000000000000e+01,1.492400000000000091e+02,8.881999999999999318e+01,6.364999999999999858e+01
4.988720958232879639e+02,4.000000000000000000e+01,4.000000000000000000e+01,1.494399999999999977e+02,8.859999999999999432e+01,6.418000000000000682e+01
4.998734245300292969e+02,4.000000000000000000e+01,4.000000000000000000e+01,1.495600000000000023e+02,8.893999999999999773e+01,6.467000000000000171e+01
5.008774733543395996e+02,4.000000000000000000e+01,4.000000000000000000e+01,1.495800000000000125e+02,8.875000000000000000e+01,6.465000000000000568e+01
5.018686423301696777e+02,4.000000000000000000e+01,4.000000000000000000e+01,1.498300000000000125e+02,8.884000000000000341e+01,6.475000000000000000e+01
5.028736531734466553e+02,4.000000000000000000e+01,4.000000000000000000e+01,1.499799999999999898e+02,8.910999999999999943e+01,6.479000000000000625e+01
5.038700802326202393e+02,4.000000000000000000e+01,4.000000000000000000e+01,1.501200000000000045e+02,8.889000000000000057e+01,6.501000000000000512e+01
5.048680665493011475e+02,4.000000000000000000e+01,4.000000000000000000e+01,1.501500000000000057e+02,8.932999999999999829e+01,6.484000000000000341e+01
5.058705260753631592e+02,4.000000000000000000e+01,4.000000000000000000e+01,1.502700000000000102e+02,8.895999999999999375e+01,6.465000000000000568e+01
5.068689806461334229e+02,4.000000000000000000e+01,4.000000000000000000e+01,1.501699999999999875e+02,8.906000000000000227e+01,6.467000000000000171e+01
5.078703224658966064e+02,4.000000000000000000e+01,4.000000000000000000e+01,1.503700000000000045e+02,8.931000000000000227e+01,6.471999999999999886e+01
5.088697152137756348e+02,4.000000000000000000e+01,4.000000000000000000e+01,1.504399999999999977e+02,8.910999999999999943e+01,6.445000000000000284e+01
5.098708381652832031e+02,4.000000000000000000e+01,4.000000000000000000e+01,1.506599999999999966e+02,8.932999999999999829e+01,6.437999999999999545e+01
5.108725891113281250e+02,4.000000000000000000e+01,4.000000000000000000e+01,1.506100000000000136e+02,8.965000000000000568e+01,6.415999999999999659e+01
5.118742272853851318e+02,4.000000000000000000e+01,4.000000000000000000e+01,1.507299999999999898e+02,8.967000000000000171e+01,6.426000000000000512e+01
5.128761858940124512e+02,4.000000000000000000e+01,4.000000000000000000e+01,1.506800000000000068e+02,8.959999999999999432e+01,6.415999999999999659e+01
5.138724598884582520e+02,4.000000000000000000e+01,4.000000000000000000e+01,1.506599999999999966e+02,8.981999999999999318e+01,6.371999999999999886e+01
5.148760428428649902e+02,4.000000000000000000e+01,4.000000000000000000e+01,1.507100000000000080e+02,8.981999999999999318e+01,6.371999999999999886e+01
5.158728299140930176e+02,4.000000000000000000e+01,4.000000000000000000e+01,1.507599999999999909e+02,8.979000000000000625e+01,6.377000000000000313e+01
5.168759734630584717e+02,4.000000000000000000e+01,4.000000000000000000e+01,1.510999999999999943e+02,8.971999999999999886e+01,6.431000000000000227e+01
5.178815941810607910e+02,4.000000000000000000e+01,4.000000000000000000e+01,1.510300000000000011e+02,8.967000000000000171e+01,6.457999999999999829e+01
5.188875508308410645e+02,4.000000000000000000e+01,4.000000000000000000e+01,1.510699999999999932e+02,9.023000000000000398e+01,6.462000000000000455e+01
5.198856346607208252e+02,4.000000000000000000e+01,4.000000000000000000e+01,1.512199999999999989e+02,9.001000000000000512e+01,6.443000000000000682e+01
5.208857455253601074e+02,4.000000000000000000e+01,4.000000000000000000e+01,1.514199999999999875e+02,9.015999999999999659e+01,6.465000000000000568e+01
5.218822777271270752e+02,4.000000000000000000e+01,4.000000000000000000e+01,1.515600000000000023e+02,9.015999999999999659e+01,6.457999999999999829e+01
5.228861465454101562e+02,4.000000000000000000e+01,4.000000000000000000e+01,1.516399999999999864e+02,8.989000000000000057e+01,6.426000000000000512e+01
5.238848719596862793e+02,4.000000000000000000e+01,4.000000000000000000e+01,1.517299999999999898e+02,9.015999999999999659e+01,6.423000000000000398e+01
5.248872981071472168e+02,4.000000000000000000e+01,4.000000000000000000e+01,1.518600000000000136e+02,9.001000000000000512e+01,6.378999999999999915e+01
5.258845949172973633e+02,4.000000000000000000e+01,4.000000000000000000e+01,1.519499999999999886e+02,9.023000000000000398e+01,6.353000000000000114e+01
5.268867597579956055e+02,4.000000000000000000e+01,4.000000000000000000e+01,1.521500000000000057e+02,8.998999999999999488e+01,6.331000000000000227e+01
5.278831930160522461e+02,4.000000000000000000e+01,4.000000000000000000e+01,1.521200000000000045e+02,9.026000000000000512e+01,6.278999999999999915e+01
5.288814642429351807e+02,4.000000000000000000e+01,4.000000000000000000e+01,1.522500000000000000e+02,9.026000000000000512e+01,6.267000000000000171e+01
5.298730299472808838e+02,4.000000000000000000e+01,4.000000000000000000e+01,1.522899999999999920e+02,9.001000000000000512e+01,6.238000000000000256e+01
5.308731405735015869e+02,4.000000000000000000e+01,4.000000000000000000e+01,1.522700000000000102e+02,9.020999999999999375e+01,6.260000000000000142e+01
5.318705418109893799e+02,4.000000000000000000e+01,4.000000000000000000e+01,1.522899999999999920e+02,9.020999999999999375e+01,6.228000000000000114e+01
5.328745167255401611e+02,4.000000000000000000e+01,4.000000000000000000e+01,1.524399999999999977e+02,9.001000000000000512e+01,6.213000000000000256e+01
5.338786547183990479e+02,4.000000000000000000e+01,4.000000000000000000e+01,1.525600000000000023e+02,8.992000000000000171e+01,6.177000000000000313e+01
5.348848340511322021e+02,4.000000000000000000e+01,4.000000000000000000e+01,1.525399999999999920e+02,8.998999999999999488e+01,6.193999999999999773e+01
5.358865895271301270e+02,4.000000000000000000e+01,4.000000000000000000e+01,1.527299999999999898e+02,8.989000000000000057e+01,6.206000000000000227e+01
5.368864638805389404e+02,4.000000000000000000e+01,4.000000000000000000e+01,1.528300000000000125e+02,9.031000000000000227e+01,6.222999999999999687e+01
5.378913021087646484e+02,4.000000000000000000e+01,4.000000000000000000e+01,1.529099999999999966e+02,9.028000000000000114e+01,6.264999999999999858e+01
5.388819296360015869e+02,4.000000000000000000e+01,4.000000000000000000e+01,1.530800000000000125e+02,8.992000000000000171e+01,6.282000000000000028e+01
5.398865272998809814e+02,4.000000000000000000e+01,4.000000000000000000e+01,1.533199999999999932e+02,9.009000000000000341e+01,6.315999999999999659e+01
5.408902010917663574e+02,4.000000000000000000e+01,4.000000000000000000e+01,1.532500000000000000e+02,8.976999999999999602e+01,6.317999999999999972e+01
5.418852157592773438e+02,4.000000000000000000e+01,4.000000000000000000e+01,1.534399999999999977e+02,8.993999999999999773e+01,6.286999999999999744e+01
5.428829088211059570e+02,4.000000000000000000e+01,4.000000000000000000e+01,1.535900000000000034e+02,8.989000000000000057e+01,6.270000000000000284e+01
5.438849220275878906e+02,4.000000000000000000e+01,4.000000000000000000e+01,1.537599999999999909e+02,8.993999999999999773e+01,6.270000000000000284e+01
5.448852627277374268e+02,4.000000000000000000e+01,4.000000000000000000e+01,1.538100000000000023e+02,8.984000000000000341e+01,6.325999999999999801e+01
5.458763732910156250e+02,4.000000000000000000e+01,4.000000000000000000e+01,1.539300000000000068e+02,9.026000000000000512e+01,6.328000000000000114e+01
5.468719975948333740e+02,4.000000000000000000e+01,4.000000000000000000e+01,1.539600000000000080e+02,8.993999999999999773e+01,6.317999999999999972e+01
5.478701817989349365e+02,4.000000000000000000e+01,4.000000000000000000e+01,1.540300000000000011e+02,9.023000000000000398e+01,6.328000000000000114e+01
5.488761727809906006e+02,4.000000000000000000e+01,4.000000000000000000e+01,1.540000000000000000e+02,9.015999999999999659e+01,6.306000000000000227e+01
5.498718042373657227e+02,4.000000000000000000e+01,4.000000000000000000e+01,1.538300000000000125e+02,9.010999999999999943e+01,6.292000000000000171e+01
5.508697459697723389e+02,4.000000000000000000e+01,4.000000000000000000e+01,1.537599999999999909e+02,9.070000000000000284e+01,6.303999999999999915e+01
5.518703007698059082e+02,4.000000000000000000e+01,4.000000000000000000e+01,1.539600000000000080e+02,9.054999999999999716e+01,6.325999999999999801e+01
5.528687829971313477e+02,4.000000000000000000e+01,4.000000000000000000e+01,1.539300000000000068e+02,9.050000000000000000e+01,6.361999999999999744e+01
5.538714370727539062e+02,4.000000000000000000e+01,4.000000000000000000e+01,1.541500000000000057e+02,9.050000000000000000e+01,6.370000000000000284e+01
5.548705098628997803e+02,4.000000000000000000e+01,4.000000000000000000e+01,1.542500000000000000e+02,9.065000000000000568e+01,6.370000000000000284e+01
5.558724443912506104e+02,4.000000000000000000e+01,4.000000000000000000e+01,1.541699999999999875e+02,9.071999999999999886e+01,6.347999999999999687e+01
5.568721048831939697e+02,4.000000000000000000e+01,4.000000000000000000e+01,1.543700000000000045e+02,9.079999999999999716e+01,6.328000000000000114e+01
5.578694443702697754e+02,4.000000000000000000e+01,4.000000000000000000e+01,1.544699999999999989e+02,9.071999999999999886e+01,6.339999999999999858e+01
5.588720445632934570e+02,4.000000000000000000e+01,4.000000000000000000e+01,1.545900000000000034e+02,9.053000000000000114e+01,6.375000000000000000e+01
5.598700726032257080e+02,4.000000000000000000e+01,4.000000000000000000e+01,1.546100000000000136e+02,9.037999999999999545e+01,6.377000000000000313e+01
5.608702957630157471e+02,4.000000000000000000e+01,4.000000000000000000e+01,1.546599999999999966e+02,9.070000000000000284e+01,6.415999999999999659e+01
5.618746638298034668e+02,4.000000000000000000e+01,4.000000000000000000e+01,1.548300000000000125e+02,9.089000000000000057e+01,6.476999999999999602e+01
5.628736739158630371e+02,4.000000000000000000e+01,4.000000000000000000e+01,1.548300000000000125e+02,9.079999999999999716e+01,6.496999999999999886e+01
5.638719596862792969e+02,4.000000000000000000e+01,4.000000000000000000e+01,1.548600000000000136e+02,9.075000000000000000e+01,6.476999999999999602e+01
5.648727629184722900e+02,4.000000000000000000e+01,4.000000000000000000e+01,1.549099999999999966e+02,9.075000000000000000e+01,6.448000000000000398e+01
5.658738064765930176e+02,4.000000000000000000e+01,4.000000000000000000e+01,1.550800000000000125e+02,9.076999999999999602e+01,6.415999999999999659e+01
5.668703608512878418e+02,4.000000000000000000e+01,4.000000000000000000e+01,1.551999999999999886e+02,9.084000000000000341e+01,6.409000000000000341e+01
5.678721961975097656e+02,4.000000000000000000e+01,4.000000000000000000e+01,1.552500000000000000e+02,9.062999999999999545e+01,6.418000000000000682e+01
5.688679814338684082e+02,4.000000000000000000e+01,4.000000000000000000e+01,1.551800000000000068e+02,9.048000000000000398e+01,6.428000000000000114e+01
5.698683466911315918e+02,4.000000000000000000e+01,4.000000000000000000e+01,1.552500000000000000e+02,9.071999999999999886e+01,6.399000000000000199e+01
5.708717930316925049e+02,4.000000000000000000e+01,4.000000000000000000e+01,1.554699999999999989e+02,9.098999999999999488e+01,6.386999999999999744e+01
5.718701112270355225e+02,4.000000000000000000e+01,4.000000000000000000e+01,1.553199999999999932e+02,9.104000000000000625e+01,6.371999999999999886e+01
5.728709781169891357e+02,4.000000000000000000e+01,4.000000000000000000e+01,1.556399999999999864e+02,9.110999999999999943e+01,6.331000000000000227e+01
5.738694241046905518e+02,4.000000000000000000e+01,4.000000000000000000e+01,1.556599999999999966e+02,9.092000000000000171e+01,6.278999999999999915e+01
5.748705208301544189e+02,4.000000000000000000e+01,4.000000000000000000e+01,1.555399999999999920e+02,9.076999999999999602e+01,6.250000000000000000e+01
5.758725028038024902e+02,4.000000000000000000e+01,4.000000000000000000e+01,1.556899999999999977e+02,9.128000000000000114e+01,6.217999999999999972e+01
5.768694095611572266e+02,4.000000000000000000e+01,4.000000000000000000e+01,1.558100000000000023e+02,9.126000000000000512e+01,6.177000000000000313e+01
5.778736817836761475e+02,4.000000000000000000e+01,4.000000000000000000e+01,1.559099999999999966e+02,9.120999999999999375e+01,6.168999999999999773e+01
5.788747630119323730e+02,4.000000000000000000e+01,4.000000000000000000e+01,1.559600000000000080e+02,9.092000000000000171e+01,6.182000000000000028e+01
5.798713219165802002e+02,4.000000000000000000e+01,4.000000000000000000e+01,1.560500000000000114e+02,9.092000000000000171e+01,6.139999999999999858e+01
5.808689737319946289e+02,4.000000000000000000e+01,4.000000000000000000e+01,1.559300000000000068e+02,9.098999999999999488e+01,6.132999999999999829e+01
5.818725204467773438e+02,4.000000000000000000e+01,4.000000000000000000e+01,1.559600000000000080e+02,9.098999999999999488e+01,6.106000000000000227e+01
5.828731503486633301e+02,4.000000000000000000e+01,4.000000000000000000e+01,1.559799999999999898e+02,9.128000000000000114e+01,6.071999999999999886e+01
5.838775987625122070e+02,4.000000000000000000e+01,4.000000000000000000e+01,1.560800000000000125e+02,9.126000000000000512e+01,6.052000000000000313e+01
5.848718969821929932e+02,4.000000000000000000e+01,4.000000000000000000e+01,1.560999999999999943e+02,9.084000000000000341e+01,6.035000000000000142e+01
5.858730957508087158e+02,4.000000000000000000e+01,4.000000000000000000e+01,1.561500000000000057e+02,9.065000000000000568e+01,6.035000000000000142e+01
5.868739218711853027e+02,4.000000000000000000e+01,4.000000000000000000e+01,1.562299999999999898e+02,9.123999999999999488e+01,6.029999999999999716e+01
5.878780746459960938e+02,4.000000000000000000e+01,4.000000000000000000e+01,1.563499999999999943e+02,9.114000000000000057e+01,6.085999999999999943e+01
5.888762590885162354e+02,4.000000000000000000e+01,4.000000000000000000e+01,1.563700000000000045e+02,9.128000000000000114e+01,6.117999999999999972e+01
5.898777530193328857e+02,4.000000000000000000e+01,4.000000000000000000e+01,1.564199999999999875e+02,9.114000000000000057e+01,6.193999999999999773e+01
5.908801910877227783e+02,4.000000000000000000e+01,4.000000000000000000e+01,1.564000000000000057e+02,9.110999999999999943e+01,6.278999999999999915e+01
5.918852794170379639e+02,4.000000000000000000e+01,4.000000000000000000e+01,1.564000000000000057e+02,9.110999999999999943e+01,6.328000000000000114e+01
5.928849699497222900e+02,4.000000000000000000e+01,4.000000000000000000e+01,1.545200000000000102e+02,9.045000000000000284e+01,6.247999999999999687e+01
5.938794145584106445e+02,4.000000000000000000e+01,4.000000000000000000e+01,1.526100000000000136e+02,8.904000000000000625e+01,6.103999999999999915e+01
5.948735997676849365e+02,4.000000000000000000e+01,4.000000000000000000e+01,1.502199999999999989e+02,8.826000000000000512e+01,5.939999999999999858e+01
5.958794398307800293e+02,4.000000000000000000e+01,4.000000000000000000e+01,1.486800000000000068e+02,8.707999999999999829e+01,5.859000000000000341e+01
5.968714828491210938e+02,4.000000000000000000e+01,4.000000000000000000e+01,1.486599999999999966e+02,8.737999999999999545e+01,5.890999999999999659e+01
5.978714625835418701e+02,4.000000000000000000e+01,4.000000000000000000e+01,1.486299999999999955e+02,8.737999999999999545e+01,5.939999999999999858e+01
