Tiempo (sec), Calentador 1 (%), Temperatura 1 (degC),Referencia 
0.000000000000000000e+00,1.426698078904211353e-01,2.164000000000000057e+01,2.173999999999999844e+01
1.000000000000000000e+00,1.426698078904211353e-01,2.167000000000000171e+01,2.173999999999999844e+01
2.000000000000000000e+00,1.426698078904211353e-01,2.167000000000000171e+01,2.173999999999999844e+01
3.000000000000000000e+00,1.426698078904211353e-01,2.173999999999999844e+01,2.173999999999999844e+01
4.000000000000000000e+00,1.426698078904211353e-01,2.164000000000000057e+01,2.173999999999999844e+01
5.000000000000000000e+00,1.426698078904211353e-01,2.169000000000000128e+01,2.173999999999999844e+01
6.000000000000000000e+00,1.426698078904211353e-01,2.164000000000000057e+01,2.173999999999999844e+01
7.000000000000000000e+00,1.426698078904211353e-01,2.164000000000000057e+01,2.173999999999999844e+01
8.000000000000000000e+00,1.426698078904211353e-01,2.164000000000000057e+01,2.173999999999999844e+01
9.000000000000000000e+00,1.426698078904211353e-01,2.167000000000000171e+01,2.173999999999999844e+01
1.000000000000000000e+01,1.426698078904211353e-01,2.164000000000000057e+01,2.173999999999999844e+01
1.100000000000000000e+01,1.426698078904211353e-01,2.167000000000000171e+01,2.173999999999999844e+01
1.200000000000000000e+01,1.426698078904211353e-01,2.164000000000000057e+01,2.173999999999999844e+01
1.300000000000000000e+01,1.426698078904211353e-01,2.167000000000000171e+01,2.173999999999999844e+01
1.400000000000000000e+01,1.426698078904211353e-01,2.167000000000000171e+01,2.173999999999999844e+01
1.500000000000000000e+01,1.426698078904211353e-01,2.164000000000000057e+01,2.173999999999999844e+01
1.600000000000000000e+01,1.426698078904211353e-01,2.164000000000000057e+01,2.173999999999999844e+01
1.700000000000000000e+01,1.426698078904211353e-01,2.167000000000000171e+01,2.173999999999999844e+01
1.800000000000000000e+01,1.426698078904211353e-01,2.167000000000000171e+01,2.173999999999999844e+01
1.900000000000000000e+01,1.426698078904211353e-01,2.164000000000000057e+01,2.173999999999999844e+01
2.000000000000000000e+01,1.426698078904211353e-01,2.164000000000000057e+01,2.173999999999999844e+01
2.100000000000000000e+01,1.426698078904211353e-01,2.164000000000000057e+01,2.173999999999999844e+01
2.200000000000000000e+01,1.426698078904211353e-01,2.164000000000000057e+01,2.173999999999999844e+01
2.300000000000000000e+01,1.426698078904211353e-01,2.164000000000000057e+01,2.173999999999999844e+01
2.400000000000000000e+01,1.426698078904211353e-01,2.164000000000000057e+01,2.173999999999999844e+01
2.500000000000000000e+01,1.426698078904211353e-01,2.164000000000000057e+01,2.173999999999999844e+01
2.600000000000000000e+01,1.747892804202294259e-01,2.164000000000000057e+01,2.173999999999999844e+01
2.700000000000000000e+01,1.747892804202294259e-01,2.164000000000000057e+01,2.173999999999999844e+01
2.800000000000000000e+01,1.747892804202294259e-01,2.164000000000000057e+01,2.173999999999999844e+01
2.900000000000000000e+01,1.747892804202294259e-01,2.164000000000000057e+01,2.173999999999999844e+01
3.000000000000000000e+01,1.747892804202294259e-01,2.164000000000000057e+01,2.173999999999999844e+01
3.100000000000000000e+01,1.747892804202294259e-01,2.164000000000000057e+01,2.173999999999999844e+01
3.200000000000000000e+01,1.747892804202294259e-01,2.164000000000000057e+01,2.173999999999999844e+01
3.300000000000000000e+01,1.747892804202294259e-01,2.164000000000000057e+01,2.173999999999999844e+01
3.400000000000000000e+01,1.747892804202294259e-01,2.164000000000000057e+01,2.173999999999999844e+01
3.500000000000000000e+01,1.747892804202294259e-01,2.164000000000000057e+01,2.173999999999999844e+01
3.600000000000000000e+01,1.747892804202294259e-01,2.164000000000000057e+01,2.173999999999999844e+01
3.700000000000000000e+01,1.747892804202294259e-01,2.164000000000000057e+01,2.173999999999999844e+01
3.800000000000000000e+01,1.747892804202294259e-01,2.164000000000000057e+01,2.173999999999999844e+01
3.900000000000000000e+01,1.747892804202294259e-01,2.164000000000000057e+01,2.173999999999999844e+01
4.000000000000000000e+01,1.747892804202294259e-01,2.164000000000000057e+01,2.173999999999999844e+01
4.100000000000000000e+01,1.747892804202294259e-01,2.164000000000000057e+01,2.173999999999999844e+01
4.200000000000000000e+01,1.747892804202294259e-01,2.164000000000000057e+01,2.173999999999999844e+01
4.300000000000000000e+01,1.747892804202294259e-01,2.164000000000000057e+01,2.173999999999999844e+01
4.400000000000000000e+01,1.747892804202294259e-01,2.164000000000000057e+01,2.173999999999999844e+01
4.500000000000000000e+01,1.747892804202294259e-01,2.164000000000000057e+01,2.173999999999999844e+01
4.600000000000000000e+01,1.747892804202294259e-01,2.164000000000000057e+01,2.173999999999999844e+01
4.700000000000000000e+01,1.747892804202294259e-01,2.164000000000000057e+01,2.173999999999999844e+01
4.800000000000000000e+01,1.747892804202294259e-01,2.164000000000000057e+01,2.173999999999999844e+01
4.900000000000000000e+01,1.747892804202294259e-01,2.164000000000000057e+01,2.173999999999999844e+01
5.000000000000000000e+01,1.747892804202294259e-01,2.164000000000000057e+01,2.173999999999999844e+01
5.100000000000000000e+01,1.747892804202294259e-01,2.164000000000000057e+01,2.173999999999999844e+01
5.200000000000000000e+01,2.625841567374149221e+01,2.164000000000000057e+01,4.000000000000000000e+01
5.300000000000000000e+01,2.625841567374149221e+01,2.155000000000000071e+01,4.000000000000000000e+01
5.400000000000000000e+01,2.625841567374149221e+01,2.155000000000000071e+01,4.000000000000000000e+01
5.500000000000000000e+01,2.625841567374149221e+01,2.155000000000000071e+01,4.000000000000000000e+01
5.600000000000000000e+01,2.625841567374149221e+01,2.191000000000000014e+01,4.000000000000000000e+01
5.700000000000000000e+01,2.625841567374149221e+01,2.183999999999999986e+01,4.000000000000000000e+01
5.800000000000000000e+01,2.625841567374149221e+01,2.205999999999999872e+01,4.000000000000000000e+01
5.900000000000000000e+01,2.625841567374149221e+01,2.242999999999999972e+01,4.000000000000000000e+01
6.000000000000000000e+01,2.625841567374149221e+01,2.244999999999999929e+01,4.000000000000000000e+01
6.100000000000000000e+01,2.625841567374149221e+01,2.287000000000000099e+01,4.000000000000000000e+01
6.200000000000000000e+01,2.625841567374149221e+01,2.294000000000000128e+01,4.000000000000000000e+01
6.300000000000000000e+01,2.625841567374149221e+01,2.344999999999999929e+01,4.000000000000000000e+01
6.400000000000000000e+01,2.625841567374149221e+01,2.350000000000000000e+01,4.000000000000000000e+01
6.500000000000000000e+01,2.625841567374149221e+01,2.394000000000000128e+01,4.000000000000000000e+01
6.600000000000000000e+01,2.625841567374149221e+01,2.421000000000000085e+01,4.000000000000000000e+01
6.700000000000000000e+01,2.625841567374149221e+01,2.437999999999999901e+01,4.000000000000000000e+01
6.800000000000000000e+01,2.625841567374149221e+01,2.487000000000000099e+01,4.000000000000000000e+01
6.900000000000000000e+01,2.625841567374149221e+01,2.498999999999999844e+01,4.000000000000000000e+01
7.000000000000000000e+01,2.625841567374149221e+01,2.539999999999999858e+01,4.000000000000000000e+01
7.100000000000000000e+01,2.625841567374149221e+01,2.582000000000000028e+01,4.000000000000000000e+01
7.200000000000000000e+01,2.625841567374149221e+01,2.592000000000000171e+01,4.000000000000000000e+01
7.300000000000000000e+01,2.625841567374149221e+01,2.628000000000000114e+01,4.000000000000000000e+01
7.400000000000000000e+01,2.625841567374149221e+01,2.667000000000000171e+01,4.000000000000000000e+01
7.500000000000000000e+01,2.625841567374149221e+01,2.687000000000000099e+01,4.000000000000000000e+01
7.600000000000000000e+01,2.625841567374149221e+01,2.735999999999999943e+01,4.000000000000000000e+01
7.700000000000000000e+01,2.625841567374149221e+01,2.742999999999999972e+01,4.000000000000000000e+01
7.800000000000000000e+01,2.329575576021907679e+01,2.785000000000000142e+01,4.000000000000000000e+01
7.900000000000000000e+01,2.329575576021907679e+01,2.828999999999999915e+01,4.000000000000000000e+01
8.000000000000000000e+01,2.329575576021907679e+01,2.841000000000000014e+01,4.000000000000000000e+01
8.100000000000000000e+01,2.329575576021907679e+01,2.882000000000000028e+01,4.000000000000000000e+01
8.200000000000000000e+01,2.329575576021907679e+01,2.914000000000000057e+01,4.000000000000000000e+01
8.300000000000000000e+01,2.329575576021907679e+01,2.930999999999999872e+01,4.000000000000000000e+01
8.400000000000000000e+01,2.329575576021907679e+01,2.973000000000000043e+01,4.000000000000000000e+01
8.500000000000000000e+01,2.329575576021907679e+01,2.982000000000000028e+01,4.000000000000000000e+01
8.600000000000000000e+01,2.329575576021907679e+01,3.023999999999999844e+01,4.000000000000000000e+01
8.700000000000000000e+01,2.329575576021907679e+01,3.033999999999999986e+01,4.000000000000000000e+01
8.800000000000000000e+01,2.329575576021907679e+01,3.067999999999999972e+01,4.000000000000000000e+01
8.900000000000000000e+01,2.329575576021907679e+01,3.108999999999999986e+01,4.000000000000000000e+01
9.000000000000000000e+01,2.329575576021907679e+01,3.126000000000000156e+01,4.000000000000000000e+01
9.100000000000000000e+01,2.329575576021907679e+01,3.169999999999999929e+01,4.000000000000000000e+01
9.200000000000000000e+01,2.329575576021907679e+01,3.180000000000000071e+01,4.000000000000000000e+01
9.300000000000000000e+01,2.329575576021907679e+01,3.224000000000000199e+01,4.000000000000000000e+01
9.400000000000000000e+01,2.329575576021907679e+01,3.225999999999999801e+01,4.000000000000000000e+01
9.500000000000000000e+01,2.329575576021907679e+01,3.272999999999999687e+01,4.000000000000000000e+01
9.600000000000000000e+01,2.329575576021907679e+01,3.285000000000000142e+01,4.000000000000000000e+01
9.700000000000000000e+01,2.329575576021907679e+01,3.311999999999999744e+01,4.000000000000000000e+01
9.800000000000000000e+01,2.329575576021907679e+01,3.346000000000000085e+01,4.000000000000000000e+01
9.900000000000000000e+01,2.329575576021907679e+01,3.363000000000000256e+01,4.000000000000000000e+01
1.000000000000000000e+02,2.329575576021907679e+01,3.411999999999999744e+01,4.000000000000000000e+01
1.010000000000000000e+02,2.329575576021907679e+01,3.427000000000000313e+01,4.000000000000000000e+01
1.020000000000000000e+02,2.329575576021907679e+01,3.467999999999999972e+01,4.000000000000000000e+01
1.030000000000000000e+02,2.329575576021907679e+01,3.471000000000000085e+01,4.000000000000000000e+01
1.040000000000000000e+02,1.682617663895703330e+01,3.511999999999999744e+01,4.000000000000000000e+01
1.050000000000000000e+02,1.682617663895703330e+01,3.550999999999999801e+01,4.000000000000000000e+01
1.060000000000000000e+02,1.682617663895703330e+01,3.565999999999999659e+01,4.000000000000000000e+01
1.070000000000000000e+02,1.682617663895703330e+01,3.607000000000000028e+01,4.000000000000000000e+01
1.080000000000000000e+02,1.682617663895703330e+01,3.614999999999999858e+01,4.000000000000000000e+01
1.090000000000000000e+02,1.682617663895703330e+01,3.634000000000000341e+01,4.000000000000000000e+01
1.100000000000000000e+02,1.682617663895703330e+01,3.663000000000000256e+01,4.000000000000000000e+01
1.110000000000000000e+02,1.682617663895703330e+01,3.678000000000000114e+01,4.000000000000000000e+01
1.120000000000000000e+02,1.682617663895703330e+01,3.711999999999999744e+01,4.000000000000000000e+01
1.130000000000000000e+02,1.682617663895703330e+01,3.720000000000000284e+01,4.000000000000000000e+01
1.140000000000000000e+02,1.682617663895703330e+01,3.760999999999999943e+01,4.000000000000000000e+01
1.150000000000000000e+02,1.682617663895703330e+01,3.760999999999999943e+01,4.000000000000000000e+01
1.160000000000000000e+02,1.682617663895703330e+01,3.803000000000000114e+01,4.000000000000000000e+01
1.170000000000000000e+02,1.682617663895703330e+01,3.814999999999999858e+01,4.000000000000000000e+01
1.180000000000000000e+02,1.682617663895703330e+01,3.811999999999999744e+01,4.000000000000000000e+01
1.190000000000000000e+02,1.682617663895703330e+01,3.850999999999999801e+01,4.000000000000000000e+01
1.200000000000000000e+02,1.682617663895703330e+01,3.859000000000000341e+01,4.000000000000000000e+01
1.210000000000000000e+02,1.682617663895703330e+01,3.864000000000000057e+01,4.000000000000000000e+01
1.220000000000000000e+02,1.682617663895703330e+01,3.900000000000000000e+01,4.000000000000000000e+01
1.230000000000000000e+02,1.682617663895703330e+01,3.907999999999999829e+01,4.000000000000000000e+01
1.240000000000000000e+02,1.682617663895703330e+01,3.921999999999999886e+01,4.000000000000000000e+01
1.250000000000000000e+02,1.682617663895703330e+01,3.956000000000000227e+01,4.000000000000000000e+01
1.260000000000000000e+02,1.682617663895703330e+01,3.965999999999999659e+01,4.000000000000000000e+01
1.270000000000000000e+02,1.682617663895703330e+01,4.007999999999999829e+01,4.000000000000000000e+01
1.280000000000000000e+02,1.682617663895703330e+01,4.010000000000000142e+01,4.000000000000000000e+01
1.290000000000000000e+02,1.682617663895703330e+01,4.020000000000000284e+01,4.000000000000000000e+01
1.300000000000000000e+02,1.066090331075071873e+01,4.053999999999999915e+01,4.000000000000000000e+01
1.310000000000000000e+02,1.066090331075071873e+01,4.060999999999999943e+01,4.000000000000000000e+01
1.320000000000000000e+02,1.066090331075071873e+01,4.085999999999999943e+01,4.000000000000000000e+01
1.330000000000000000e+02,1.066090331075071873e+01,4.113000000000000256e+01,4.000000000000000000e+01
1.340000000000000000e+02,1.066090331075071873e+01,4.104999999999999716e+01,4.000000000000000000e+01
1.350000000000000000e+02,1.066090331075071873e+01,4.113000000000000256e+01,4.000000000000000000e+01
1.360000000000000000e+02,1.066090331075071873e+01,4.113000000000000256e+01,4.000000000000000000e+01
1.370000000000000000e+02,1.066090331075071873e+01,4.135000000000000142e+01,4.000000000000000000e+01
1.380000000000000000e+02,1.066090331075071873e+01,4.159000000000000341e+01,4.000000000000000000e+01
1.390000000000000000e+02,1.066090331075071873e+01,4.161999999999999744e+01,4.000000000000000000e+01
1.400000000000000000e+02,1.066090331075071873e+01,4.159000000000000341e+01,4.000000000000000000e+01
1.410000000000000000e+02,1.066090331075071873e+01,4.171000000000000085e+01,4.000000000000000000e+01
1.420000000000000000e+02,1.066090331075071873e+01,4.200999999999999801e+01,4.000000000000000000e+01
1.430000000000000000e+02,1.066090331075071873e+01,4.204999999999999716e+01,4.000000000000000000e+01
1.440000000000000000e+02,1.066090331075071873e+01,4.204999999999999716e+01,4.000000000000000000e+01
1.450000000000000000e+02,1.066090331075071873e+01,4.213000000000000256e+01,4.000000000000000000e+01
1.450000000000000000e+02,1.066090331075071873e+01,4.227000000000000313e+01,4.000000000000000000e+01
1.460000000000000000e+02,1.066090331075071873e+01,4.252000000000000313e+01,4.000000000000000000e+01
1.470000000000000000e+02,1.066090331075071873e+01,4.253999999999999915e+01,4.000000000000000000e+01
1.480000000000000000e+02,1.066090331075071873e+01,4.259000000000000341e+01,4.000000000000000000e+01
1.490000000000000000e+02,1.066090331075071873e+01,4.253999999999999915e+01,4.000000000000000000e+01
1.500000000000000000e+02,1.066090331075071873e+01,4.259000000000000341e+01,4.000000000000000000e+01
1.510000000000000000e+02,1.066090331075071873e+01,4.275999999999999801e+01,4.000000000000000000e+01
1.520000000000000000e+02,1.066090331075071873e+01,4.290999999999999659e+01,4.000000000000000000e+01
1.530000000000000000e+02,1.066090331075071873e+01,4.307999999999999829e+01,4.000000000000000000e+01
1.540000000000000000e+02,1.066090331075071873e+01,4.303000000000000114e+01,4.000000000000000000e+01
1.550000000000000000e+02,1.066090331075071873e+01,4.307999999999999829e+01,4.000000000000000000e+01
1.560000000000000000e+02,7.083700081315834396e+00,4.297999999999999687e+01,4.000000000000000000e+01
1.570000000000000000e+02,7.083700081315834396e+00,4.310000000000000142e+01,4.000000000000000000e+01
1.580000000000000000e+02,7.083700081315834396e+00,4.317999999999999972e+01,4.000000000000000000e+01
1.590000000000000000e+02,7.083700081315834396e+00,4.332000000000000028e+01,4.000000000000000000e+01
1.600000000000000000e+02,7.083700081315834396e+00,4.336999999999999744e+01,4.000000000000000000e+01
1.610000000000000000e+02,7.083700081315834396e+00,4.346999999999999886e+01,4.000000000000000000e+01
1.620000000000000000e+02,7.083700081315834396e+00,4.346999999999999886e+01,4.000000000000000000e+01
1.630000000000000000e+02,7.083700081315834396e+00,4.352000000000000313e+01,4.000000000000000000e+01
1.640000000000000000e+02,7.083700081315834396e+00,4.357000000000000028e+01,4.000000000000000000e+01
1.650000000000000000e+02,7.083700081315834396e+00,4.357000000000000028e+01,4.000000000000000000e+01
1.660000000000000000e+02,7.083700081315834396e+00,4.357000000000000028e+01,4.000000000000000000e+01
1.670000000000000000e+02,7.083700081315834396e+00,4.357000000000000028e+01,4.000000000000000000e+01
1.680000000000000000e+02,7.083700081315834396e+00,4.352000000000000313e+01,4.000000000000000000e+01
1.690000000000000000e+02,7.083700081315834396e+00,4.357000000000000028e+01,4.000000000000000000e+01
1.700000000000000000e+02,7.083700081315834396e+00,4.352000000000000313e+01,4.000000000000000000e+01
1.710000000000000000e+02,7.083700081315834396e+00,4.357000000000000028e+01,4.000000000000000000e+01
1.720000000000000000e+02,7.083700081315834396e+00,4.357000000000000028e+01,4.000000000000000000e+01
1.730000000000000000e+02,7.083700081315834396e+00,4.353999999999999915e+01,4.000000000000000000e+01
1.740000000000000000e+02,7.083700081315834396e+00,4.357000000000000028e+01,4.000000000000000000e+01
1.750000000000000000e+02,7.083700081315834396e+00,4.353999999999999915e+01,4.000000000000000000e+01
1.760000000000000000e+02,7.083700081315834396e+00,4.357000000000000028e+01,4.000000000000000000e+01
1.770000000000000000e+02,7.083700081315834396e+00,4.357000000000000028e+01,4.000000000000000000e+01
1.780000000000000000e+02,7.083700081315834396e+00,4.357000000000000028e+01,4.000000000000000000e+01
1.790000000000000000e+02,7.083700081315834396e+00,4.357000000000000028e+01,4.000000000000000000e+01
1.800000000000000000e+02,7.083700081315834396e+00,4.352000000000000313e+01,4.000000000000000000e+01
1.810000000000000000e+02,7.083700081315834396e+00,4.357000000000000028e+01,4.000000000000000000e+01
1.820000000000000000e+02,5.284787933374019531e+00,4.357000000000000028e+01,4.000000000000000000e+01
1.830000000000000000e+02,5.284787933374019531e+00,4.361999999999999744e+01,4.000000000000000000e+01
1.840000000000000000e+02,5.284787933374019531e+00,4.357000000000000028e+01,4.000000000000000000e+01
1.850000000000000000e+02,5.284787933374019531e+00,4.361999999999999744e+01,4.000000000000000000e+01
1.860000000000000000e+02,5.284787933374019531e+00,4.357000000000000028e+01,4.000000000000000000e+01
1.870000000000000000e+02,5.284787933374019531e+00,4.361999999999999744e+01,4.000000000000000000e+01
1.880000000000000000e+02,5.284787933374019531e+00,4.352000000000000313e+01,4.000000000000000000e+01
1.890000000000000000e+02,5.284787933374019531e+00,4.357000000000000028e+01,4.000000000000000000e+01
1.900000000000000000e+02,5.284787933374019531e+00,4.357000000000000028e+01,4.000000000000000000e+01
1.910000000000000000e+02,5.284787933374019531e+00,4.361999999999999744e+01,4.000000000000000000e+01
1.920000000000000000e+02,5.284787933374019531e+00,4.361999999999999744e+01,4.000000000000000000e+01
1.930000000000000000e+02,5.284787933374019531e+00,4.361999999999999744e+01,4.000000000000000000e+01
1.940000000000000000e+02,5.284787933374019531e+00,4.361999999999999744e+01,4.000000000000000000e+01
1.950000000000000000e+02,5.284787933374019531e+00,4.357000000000000028e+01,4.000000000000000000e+01
1.960000000000000000e+02,5.284787933374019531e+00,4.357000000000000028e+01,4.000000000000000000e+01
1.970000000000000000e+02,5.284787933374019531e+00,4.357000000000000028e+01,4.000000000000000000e+01
1.980000000000000000e+02,5.284787933374019531e+00,4.361999999999999744e+01,4.000000000000000000e+01
1.990000000000000000e+02,5.284787933374019531e+00,4.357000000000000028e+01,4.000000000000000000e+01
2.000000000000000000e+02,5.284787933374019531e+00,4.359000000000000341e+01,4.000000000000000000e+01
2.010000000000000000e+02,5.284787933374019531e+00,4.339999999999999858e+01,4.000000000000000000e+01
2.020000000000000000e+02,5.284787933374019531e+00,4.342000000000000171e+01,4.000000000000000000e+01
2.030000000000000000e+02,5.284787933374019531e+00,4.325000000000000000e+01,4.000000000000000000e+01
2.040000000000000000e+02,5.284787933374019531e+00,4.322999999999999687e+01,4.000000000000000000e+01
2.050000000000000000e+02,5.284787933374019531e+00,4.317999999999999972e+01,4.000000000000000000e+01
2.060000000000000000e+02,5.284787933374019531e+00,4.307999999999999829e+01,4.000000000000000000e+01
2.070000000000000000e+02,5.284787933374019531e+00,4.306000000000000227e+01,4.000000000000000000e+01
2.080000000000000000e+02,4.765869918777702274e+00,4.313000000000000256e+01,4.000000000000000000e+01
2.090000000000000000e+02,4.765869918777702274e+00,4.307999999999999829e+01,4.000000000000000000e+01
2.100000000000000000e+02,4.765869918777702274e+00,4.307999999999999829e+01,4.000000000000000000e+01
2.110000000000000000e+02,4.765869918777702274e+00,4.303000000000000114e+01,4.000000000000000000e+01
2.120000000000000000e+02,4.765869918777702274e+00,4.313000000000000256e+01,4.000000000000000000e+01
2.130000000000000000e+02,4.765869918777702274e+00,4.313000000000000256e+01,4.000000000000000000e+01
2.140000000000000000e+02,4.765869918777702274e+00,4.313000000000000256e+01,4.000000000000000000e+01
2.150000000000000000e+02,4.765869918777702274e+00,4.313000000000000256e+01,4.000000000000000000e+01
2.160000000000000000e+02,4.765869918777702274e+00,4.313000000000000256e+01,4.000000000000000000e+01
2.170000000000000000e+02,4.765869918777702274e+00,4.313000000000000256e+01,4.000000000000000000e+01
2.180000000000000000e+02,4.765869918777702274e+00,4.303000000000000114e+01,4.000000000000000000e+01
2.190000000000000000e+02,4.765869918777702274e+00,4.307999999999999829e+01,4.000000000000000000e+01
2.200000000000000000e+02,4.765869918777702274e+00,4.313000000000000256e+01,4.000000000000000000e+01
2.210000000000000000e+02,4.765869918777702274e+00,4.306000000000000227e+01,4.000000000000000000e+01
2.220000000000000000e+02,4.765869918777702274e+00,4.285999999999999943e+01,4.000000000000000000e+01
2.230000000000000000e+02,4.765869918777702274e+00,4.297999999999999687e+01,4.000000000000000000e+01
2.240000000000000000e+02,4.765869918777702274e+00,4.281000000000000227e+01,4.000000000000000000e+01
2.250000000000000000e+02,4.765869918777702274e+00,4.261999999999999744e+01,4.000000000000000000e+01
2.260000000000000000e+02,4.765869918777702274e+00,4.264000000000000057e+01,4.000000000000000000e+01
2.270000000000000000e+02,4.765869918777702274e+00,4.264000000000000057e+01,4.000000000000000000e+01
2.280000000000000000e+02,4.765869918777702274e+00,4.264000000000000057e+01,4.000000000000000000e+01
2.290000000000000000e+02,4.765869918777702274e+00,4.264000000000000057e+01,4.000000000000000000e+01
2.300000000000000000e+02,4.765869918777702274e+00,4.259000000000000341e+01,4.000000000000000000e+01
2.310000000000000000e+02,4.765869918777702274e+00,4.264000000000000057e+01,4.000000000000000000e+01
2.320000000000000000e+02,4.765869918777702274e+00,4.259000000000000341e+01,4.000000000000000000e+01
2.330000000000000000e+02,4.765869918777702274e+00,4.264000000000000057e+01,4.000000000000000000e+01
2.340000000000000000e+02,4.459612487257761160e+00,4.264000000000000057e+01,4.000000000000000000e+01
2.350000000000000000e+02,4.459612487257761160e+00,4.264000000000000057e+01,4.000000000000000000e+01
2.360000000000000000e+02,4.459612487257761160e+00,4.264000000000000057e+01,4.000000000000000000e+01
2.370000000000000000e+02,4.459612487257761160e+00,4.264000000000000057e+01,4.000000000000000000e+01
2.380000000000000000e+02,4.459612487257761160e+00,4.264000000000000057e+01,4.000000000000000000e+01
2.390000000000000000e+02,4.459612487257761160e+00,4.236999999999999744e+01,4.000000000000000000e+01
2.400000000000000000e+02,4.459612487257761160e+00,4.235000000000000142e+01,4.000000000000000000e+01
2.410000000000000000e+02,4.459612487257761160e+00,4.214999999999999858e+01,4.000000000000000000e+01
2.420000000000000000e+02,4.459612487257761160e+00,4.214999999999999858e+01,4.000000000000000000e+01
2.430000000000000000e+02,4.459612487257761160e+00,4.210000000000000142e+01,4.000000000000000000e+01
2.440000000000000000e+02,4.459612487257761160e+00,4.210000000000000142e+01,4.000000000000000000e+01
2.450000000000000000e+02,4.459612487257761160e+00,4.214999999999999858e+01,4.000000000000000000e+01
2.460000000000000000e+02,4.459612487257761160e+00,4.214999999999999858e+01,4.000000000000000000e+01
2.470000000000000000e+02,4.459612487257761160e+00,4.210000000000000142e+01,4.000000000000000000e+01
2.480000000000000000e+02,4.459612487257761160e+00,4.214999999999999858e+01,4.000000000000000000e+01
2.490000000000000000e+02,4.459612487257761160e+00,4.204999999999999716e+01,4.000000000000000000e+01
2.500000000000000000e+02,4.459612487257761160e+00,4.214999999999999858e+01,4.000000000000000000e+01
2.510000000000000000e+02,4.459612487257761160e+00,4.214999999999999858e+01,4.000000000000000000e+01
2.520000000000000000e+02,4.459612487257761160e+00,4.214999999999999858e+01,4.000000000000000000e+01
2.530000000000000000e+02,4.459612487257761160e+00,4.204999999999999716e+01,4.000000000000000000e+01
2.540000000000000000e+02,4.459612487257761160e+00,4.196000000000000085e+01,4.000000000000000000e+01
2.550000000000000000e+02,4.459612487257761160e+00,4.185999999999999943e+01,4.000000000000000000e+01
2.560000000000000000e+02,4.459612487257761160e+00,4.168999999999999773e+01,4.000000000000000000e+01
2.570000000000000000e+02,4.459612487257761160e+00,4.161999999999999744e+01,4.000000000000000000e+01
2.580000000000000000e+02,4.459612487257761160e+00,4.161999999999999744e+01,4.000000000000000000e+01
2.590000000000000000e+02,4.459612487257761160e+00,4.165999999999999659e+01,4.000000000000000000e+01
2.600000000000000000e+02,5.209560260843550950e+00,4.152000000000000313e+01,4.000000000000000000e+01
2.610000000000000000e+02,5.209560260843550950e+00,4.125000000000000000e+01,4.000000000000000000e+01
2.620000000000000000e+02,5.209560260843550950e+00,4.114999999999999858e+01,4.000000000000000000e+01
2.630000000000000000e+02,5.209560260843550950e+00,4.113000000000000256e+01,4.000000000000000000e+01
2.640000000000000000e+02,5.209560260843550950e+00,4.120000000000000284e+01,4.000000000000000000e+01
2.650000000000000000e+02,5.209560260843550950e+00,4.117999999999999972e+01,4.000000000000000000e+01
2.660000000000000000e+02,5.209560260843550950e+00,4.114999999999999858e+01,4.000000000000000000e+01
2.670000000000000000e+02,5.209560260843550950e+00,4.117999999999999972e+01,4.000000000000000000e+01
2.680000000000000000e+02,5.209560260843550950e+00,4.114999999999999858e+01,4.000000000000000000e+01
2.690000000000000000e+02,5.209560260843550950e+00,4.117999999999999972e+01,4.000000000000000000e+01
2.700000000000000000e+02,5.209560260843550950e+00,4.114999999999999858e+01,4.000000000000000000e+01
2.710000000000000000e+02,5.209560260843550950e+00,4.114999999999999858e+01,4.000000000000000000e+01
2.720000000000000000e+02,5.209560260843550950e+00,4.114999999999999858e+01,4.000000000000000000e+01
2.730000000000000000e+02,5.209560260843550950e+00,4.117999999999999972e+01,4.000000000000000000e+01
2.740000000000000000e+02,5.209560260843550950e+00,4.117999999999999972e+01,4.000000000000000000e+01
2.750000000000000000e+02,5.209560260843550950e+00,4.113000000000000256e+01,4.000000000000000000e+01
2.760000000000000000e+02,5.209560260843550950e+00,4.113000000000000256e+01,4.000000000000000000e+01
2.770000000000000000e+02,5.209560260843550950e+00,4.117999999999999972e+01,4.000000000000000000e+01
2.780000000000000000e+02,5.209560260843550950e+00,4.114999999999999858e+01,4.000000000000000000e+01
2.790000000000000000e+02,5.209560260843550950e+00,4.114999999999999858e+01,4.000000000000000000e+01
2.800000000000000000e+02,5.209560260843550950e+00,4.113000000000000256e+01,4.000000000000000000e+01
2.810000000000000000e+02,5.209560260843550950e+00,4.100000000000000000e+01,4.000000000000000000e+01
2.820000000000000000e+02,5.209560260843550950e+00,4.090999999999999659e+01,4.000000000000000000e+01
2.830000000000000000e+02,5.209560260843550950e+00,4.075999999999999801e+01,4.000000000000000000e+01
2.840000000000000000e+02,5.209560260843550950e+00,4.082999999999999829e+01,4.000000000000000000e+01
2.850000000000000000e+02,5.209560260843550950e+00,4.081000000000000227e+01,4.000000000000000000e+01
2.860000000000000000e+02,5.662965010467258864e+00,4.085999999999999943e+01,4.000000000000000000e+01
2.870000000000000000e+02,5.662965010467258864e+00,4.074000000000000199e+01,4.000000000000000000e+01
2.880000000000000000e+02,5.662965010467258864e+00,4.071000000000000085e+01,4.000000000000000000e+01
2.890000000000000000e+02,5.662965010467258864e+00,4.082999999999999829e+01,4.000000000000000000e+01
2.900000000000000000e+02,5.662965010467258864e+00,4.082999999999999829e+01,4.000000000000000000e+01
2.910000000000000000e+02,5.662965010467258864e+00,4.074000000000000199e+01,4.000000000000000000e+01
2.920000000000000000e+02,5.662965010467258864e+00,4.064000000000000057e+01,4.000000000000000000e+01
2.930000000000000000e+02,5.662965010467258864e+00,4.065999999999999659e+01,4.000000000000000000e+01
2.940000000000000000e+02,5.662965010467258864e+00,4.071000000000000085e+01,4.000000000000000000e+01
2.950000000000000000e+02,5.662965010467258864e+00,4.064000000000000057e+01,4.000000000000000000e+01
2.960000000000000000e+02,5.662965010467258864e+00,4.065999999999999659e+01,4.000000000000000000e+01
2.970000000000000000e+02,5.662965010467258864e+00,4.064000000000000057e+01,4.000000000000000000e+01
2.980000000000000000e+02,5.662965010467258864e+00,4.068999999999999773e+01,4.000000000000000000e+01
2.990000000000000000e+02,5.662965010467258864e+00,4.064000000000000057e+01,4.000000000000000000e+01
3.000000000000000000e+02,5.662965010467258864e+00,4.064000000000000057e+01,4.000000000000000000e+01
3.010000000000000000e+02,5.662965010467258864e+00,4.068999999999999773e+01,4.000000000000000000e+01
3.020000000000000000e+02,5.662965010467258864e+00,4.059000000000000341e+01,4.000000000000000000e+01
3.030000000000000000e+02,5.662965010467258864e+00,4.064000000000000057e+01,4.000000000000000000e+01
3.040000000000000000e+02,5.662965010467258864e+00,4.068999999999999773e+01,4.000000000000000000e+01
3.050000000000000000e+02,5.662965010467258864e+00,4.060999999999999943e+01,4.000000000000000000e+01
3.060000000000000000e+02,5.662965010467258864e+00,4.060999999999999943e+01,4.000000000000000000e+01
3.070000000000000000e+02,5.662965010467258864e+00,4.068999999999999773e+01,4.000000000000000000e+01
3.080000000000000000e+02,5.662965010467258864e+00,4.059000000000000341e+01,4.000000000000000000e+01
3.090000000000000000e+02,5.662965010467258864e+00,4.064000000000000057e+01,4.000000000000000000e+01
3.100000000000000000e+02,5.662965010467258864e+00,4.059000000000000341e+01,4.000000000000000000e+01
3.110000000000000000e+02,5.662965010467258864e+00,4.068999999999999773e+01,4.000000000000000000e+01
3.120000000000000000e+02,5.629276220124625141e+00,4.068999999999999773e+01,4.000000000000000000e+01
3.130000000000000000e+02,5.629276220124625141e+00,4.064000000000000057e+01,4.000000000000000000e+01
3.140000000000000000e+02,5.629276220124625141e+00,4.064000000000000057e+01,4.000000000000000000e+01
3.150000000000000000e+02,5.629276220124625141e+00,4.068999999999999773e+01,4.000000000000000000e+01
3.160000000000000000e+02,5.629276220124625141e+00,4.064000000000000057e+01,4.000000000000000000e+01
3.170000000000000000e+02,5.629276220124625141e+00,4.064000000000000057e+01,4.000000000000000000e+01
3.180000000000000000e+02,5.629276220124625141e+00,4.064000000000000057e+01,4.000000000000000000e+01
3.190000000000000000e+02,5.629276220124625141e+00,4.064000000000000057e+01,4.000000000000000000e+01
3.200000000000000000e+02,5.629276220124625141e+00,4.068999999999999773e+01,4.000000000000000000e+01
3.210000000000000000e+02,5.629276220124625141e+00,4.064000000000000057e+01,4.000000000000000000e+01
3.220000000000000000e+02,5.629276220124625141e+00,4.064000000000000057e+01,4.000000000000000000e+01
3.230000000000000000e+02,5.629276220124625141e+00,4.059000000000000341e+01,4.000000000000000000e+01
3.240000000000000000e+02,5.629276220124625141e+00,4.068999999999999773e+01,4.000000000000000000e+01
3.250000000000000000e+02,5.629276220124625141e+00,4.064000000000000057e+01,4.000000000000000000e+01
3.260000000000000000e+02,5.629276220124625141e+00,4.064000000000000057e+01,4.000000000000000000e+01
3.270000000000000000e+02,5.629276220124625141e+00,4.064000000000000057e+01,4.000000000000000000e+01
3.280000000000000000e+02,5.629276220124625141e+00,4.059000000000000341e+01,4.000000000000000000e+01
3.290000000000000000e+02,5.629276220124625141e+00,4.059000000000000341e+01,4.000000000000000000e+01
3.300000000000000000e+02,5.629276220124625141e+00,4.064000000000000057e+01,4.000000000000000000e+01
3.310000000000000000e+02,5.629276220124625141e+00,4.064000000000000057e+01,4.000000000000000000e+01
3.320000000000000000e+02,5.629276220124625141e+00,4.064000000000000057e+01,4.000000000000000000e+01
3.330000000000000000e+02,5.629276220124625141e+00,4.064000000000000057e+01,4.000000000000000000e+01
3.340000000000000000e+02,5.629276220124625141e+00,4.068999999999999773e+01,4.000000000000000000e+01
3.350000000000000000e+02,5.629276220124625141e+00,4.064000000000000057e+01,4.000000000000000000e+01
3.360000000000000000e+02,5.629276220124625141e+00,4.068999999999999773e+01,4.000000000000000000e+01
3.370000000000000000e+02,5.629276220124625141e+00,4.064000000000000057e+01,4.000000000000000000e+01
3.380000000000000000e+02,5.478986763614152267e+00,4.064000000000000057e+01,4.000000000000000000e+01
3.390000000000000000e+02,5.478986763614152267e+00,4.064000000000000057e+01,4.000000000000000000e+01
3.400000000000000000e+02,5.478986763614152267e+00,4.064000000000000057e+01,4.000000000000000000e+01
3.410000000000000000e+02,5.478986763614152267e+00,4.068999999999999773e+01,4.000000000000000000e+01
3.420000000000000000e+02,5.478986763614152267e+00,4.064000000000000057e+01,4.000000000000000000e+01
3.430000000000000000e+02,5.478986763614152267e+00,4.064000000000000057e+01,4.000000000000000000e+01
3.440000000000000000e+02,5.478986763614152267e+00,4.068999999999999773e+01,4.000000000000000000e+01
3.450000000000000000e+02,5.478986763614152267e+00,4.064000000000000057e+01,4.000000000000000000e+01
3.460000000000000000e+02,5.478986763614152267e+00,4.068999999999999773e+01,4.000000000000000000e+01
3.470000000000000000e+02,5.478986763614152267e+00,4.064000000000000057e+01,4.000000000000000000e+01
3.480000000000000000e+02,5.478986763614152267e+00,4.068999999999999773e+01,4.000000000000000000e+01
3.490000000000000000e+02,5.478986763614152267e+00,4.064000000000000057e+01,4.000000000000000000e+01
3.500000000000000000e+02,5.478986763614152267e+00,4.068999999999999773e+01,4.000000000000000000e+01
3.510000000000000000e+02,5.478986763614152267e+00,4.068999999999999773e+01,4.000000000000000000e+01
3.520000000000000000e+02,5.478986763614152267e+00,4.064000000000000057e+01,4.000000000000000000e+01
3.530000000000000000e+02,5.478986763614152267e+00,4.064000000000000057e+01,4.000000000000000000e+01
3.540000000000000000e+02,5.478986763614152267e+00,4.064000000000000057e+01,4.000000000000000000e+01
3.550000000000000000e+02,5.478986763614152267e+00,4.064000000000000057e+01,4.000000000000000000e+01
3.560000000000000000e+02,5.478986763614152267e+00,4.068999999999999773e+01,4.000000000000000000e+01
3.570000000000000000e+02,5.478986763614152267e+00,4.059000000000000341e+01,4.000000000000000000e+01
3.580000000000000000e+02,5.478986763614152267e+00,4.068999999999999773e+01,4.000000000000000000e+01
3.590000000000000000e+02,5.478986763614152267e+00,4.064000000000000057e+01,4.000000000000000000e+01
3.600000000000000000e+02,5.478986763614152267e+00,4.059000000000000341e+01,4.000000000000000000e+01
3.610000000000000000e+02,5.478986763614152267e+00,4.068999999999999773e+01,4.000000000000000000e+01
3.620000000000000000e+02,5.478986763614152267e+00,4.064000000000000057e+01,4.000000000000000000e+01
3.630000000000000000e+02,5.478986763614152267e+00,4.064000000000000057e+01,4.000000000000000000e+01
3.640000000000000000e+02,5.273422139423375121e+00,4.064000000000000057e+01,4.000000000000000000e+01
3.650000000000000000e+02,5.273422139423375121e+00,4.064000000000000057e+01,4.000000000000000000e+01
3.660000000000000000e+02,5.273422139423375121e+00,4.059000000000000341e+01,4.000000000000000000e+01
3.670000000000000000e+02,5.273422139423375121e+00,4.057000000000000028e+01,4.000000000000000000e+01
3.680000000000000000e+02,5.273422139423375121e+00,4.059000000000000341e+01,4.000000000000000000e+01
3.690000000000000000e+02,5.273422139423375121e+00,4.060999999999999943e+01,4.000000000000000000e+01
3.700000000000000000e+02,5.273422139423375121e+00,4.064000000000000057e+01,4.000000000000000000e+01
3.710000000000000000e+02,5.273422139423375121e+00,4.052000000000000313e+01,4.000000000000000000e+01
3.720000000000000000e+02,5.273422139423375121e+00,4.046999999999999886e+01,4.000000000000000000e+01
3.730000000000000000e+02,5.273422139423375121e+00,4.046999999999999886e+01,4.000000000000000000e+01
3.740000000000000000e+02,5.273422139423375121e+00,4.036999999999999744e+01,4.000000000000000000e+01
3.750000000000000000e+02,5.273422139423375121e+00,4.032000000000000028e+01,4.000000000000000000e+01
3.760000000000000000e+02,5.273422139423375121e+00,4.020000000000000284e+01,4.000000000000000000e+01
3.770000000000000000e+02,5.273422139423375121e+00,4.020000000000000284e+01,4.000000000000000000e+01
3.780000000000000000e+02,5.273422139423375121e+00,4.014999999999999858e+01,4.000000000000000000e+01
3.790000000000000000e+02,5.273422139423375121e+00,4.017000000000000171e+01,4.000000000000000000e+01
3.800000000000000000e+02,5.273422139423375121e+00,4.017000000000000171e+01,4.000000000000000000e+01
3.810000000000000000e+02,5.273422139423375121e+00,4.014999999999999858e+01,4.000000000000000000e+01
3.820000000000000000e+02,5.273422139423375121e+00,4.013000000000000256e+01,4.000000000000000000e+01
3.830000000000000000e+02,5.273422139423375121e+00,4.020000000000000284e+01,4.000000000000000000e+01
3.840000000000000000e+02,5.273422139423375121e+00,4.014999999999999858e+01,4.000000000000000000e+01
3.850000000000000000e+02,5.273422139423375121e+00,4.010000000000000142e+01,4.000000000000000000e+01
3.860000000000000000e+02,5.273422139423375121e+00,4.014999999999999858e+01,4.000000000000000000e+01
3.870000000000000000e+02,5.273422139423375121e+00,4.020000000000000284e+01,4.000000000000000000e+01
3.880000000000000000e+02,5.273422139423375121e+00,4.013000000000000256e+01,4.000000000000000000e+01
3.890000000000000000e+02,5.273422139423375121e+00,4.020000000000000284e+01,4.000000000000000000e+01
3.900000000000000000e+02,5.838274477840887045e+00,4.010000000000000142e+01,4.000000000000000000e+01
3.910000000000000000e+02,5.838274477840887045e+00,4.020000000000000284e+01,4.000000000000000000e+01
3.920000000000000000e+02,5.838274477840887045e+00,4.020000000000000284e+01,4.000000000000000000e+01
3.930000000000000000e+02,5.838274477840887045e+00,4.014999999999999858e+01,4.000000000000000000e+01
3.940000000000000000e+02,5.838274477840887045e+00,4.014999999999999858e+01,4.000000000000000000e+01
3.950000000000000000e+02,5.838274477840887045e+00,4.014999999999999858e+01,4.000000000000000000e+01
3.960000000000000000e+02,5.838274477840887045e+00,4.014999999999999858e+01,4.000000000000000000e+01
3.970000000000000000e+02,5.838274477840887045e+00,4.020000000000000284e+01,4.000000000000000000e+01
3.980000000000000000e+02,5.838274477840887045e+00,4.010000000000000142e+01,4.000000000000000000e+01
3.990000000000000000e+02,5.838274477840887045e+00,4.014999999999999858e+01,4.000000000000000000e+01
4.000000000000000000e+02,5.838274477840887045e+00,4.010000000000000142e+01,4.000000000000000000e+01
4.010000000000000000e+02,5.838274477840887045e+00,4.004999999999999716e+01,4.000000000000000000e+01
4.020000000000000000e+02,5.838274477840887045e+00,3.992999999999999972e+01,4.000000000000000000e+01
4.030000000000000000e+02,5.838274477840887045e+00,3.968999999999999773e+01,4.000000000000000000e+01
4.040000000000000000e+02,5.838274477840887045e+00,3.964000000000000057e+01,4.000000000000000000e+01
4.050000000000000000e+02,5.838274477840887045e+00,3.971000000000000085e+01,4.000000000000000000e+01
4.060000000000000000e+02,5.838274477840887045e+00,3.971000000000000085e+01,4.000000000000000000e+01
4.070000000000000000e+02,5.838274477840887045e+00,3.965999999999999659e+01,4.000000000000000000e+01
4.080000000000000000e+02,5.838274477840887045e+00,3.971000000000000085e+01,4.000000000000000000e+01
4.090000000000000000e+02,5.838274477840887045e+00,3.965999999999999659e+01,4.000000000000000000e+01
4.100000000000000000e+02,5.838274477840887045e+00,3.971000000000000085e+01,4.000000000000000000e+01
4.110000000000000000e+02,5.838274477840887045e+00,3.971000000000000085e+01,4.000000000000000000e+01
4.120000000000000000e+02,5.838274477840887045e+00,3.965999999999999659e+01,4.000000000000000000e+01
4.130000000000000000e+02,5.838274477840887045e+00,3.960999999999999943e+01,4.000000000000000000e+01
4.140000000000000000e+02,5.838274477840887045e+00,3.971000000000000085e+01,4.000000000000000000e+01
4.140000000000000000e+02,5.838274477840887045e+00,3.965999999999999659e+01,4.000000000000000000e+01
4.150000000000000000e+02,5.838274477840887045e+00,3.971000000000000085e+01,4.000000000000000000e+01
4.160000000000000000e+02,6.473117591444349728e+00,3.971000000000000085e+01,4.000000000000000000e+01
4.170000000000000000e+02,6.473117591444349728e+00,3.965999999999999659e+01,4.000000000000000000e+01
4.180000000000000000e+02,6.473117591444349728e+00,3.968999999999999773e+01,4.000000000000000000e+01
4.190000000000000000e+02,6.473117591444349728e+00,3.965999999999999659e+01,4.000000000000000000e+01
4.200000000000000000e+02,6.473117591444349728e+00,3.968999999999999773e+01,4.000000000000000000e+01
4.210000000000000000e+02,6.473117591444349728e+00,3.968999999999999773e+01,4.000000000000000000e+01
4.220000000000000000e+02,6.473117591444349728e+00,3.968999999999999773e+01,4.000000000000000000e+01
4.230000000000000000e+02,6.473117591444349728e+00,3.965999999999999659e+01,4.000000000000000000e+01
4.240000000000000000e+02,6.473117591444349728e+00,3.968999999999999773e+01,4.000000000000000000e+01
4.250000000000000000e+02,6.473117591444349728e+00,3.974000000000000199e+01,4.000000000000000000e+01
4.260000000000000000e+02,6.473117591444349728e+00,3.971000000000000085e+01,4.000000000000000000e+01
4.270000000000000000e+02,6.473117591444349728e+00,3.974000000000000199e+01,4.000000000000000000e+01
4.280000000000000000e+02,6.473117591444349728e+00,3.975999999999999801e+01,4.000000000000000000e+01
4.290000000000000000e+02,6.473117591444349728e+00,3.975999999999999801e+01,4.000000000000000000e+01
4.300000000000000000e+02,6.473117591444349728e+00,3.982999999999999829e+01,4.000000000000000000e+01
4.310000000000000000e+02,6.473117591444349728e+00,4.003000000000000114e+01,4.000000000000000000e+01
4.320000000000000000e+02,6.473117591444349728e+00,3.992999999999999972e+01,4.000000000000000000e+01
4.330000000000000000e+02,6.473117591444349728e+00,4.004999999999999716e+01,4.000000000000000000e+01
4.340000000000000000e+02,6.473117591444349728e+00,3.997999999999999687e+01,4.000000000000000000e+01
4.350000000000000000e+02,6.473117591444349728e+00,4.010000000000000142e+01,4.000000000000000000e+01
4.360000000000000000e+02,6.473117591444349728e+00,4.013000000000000256e+01,4.000000000000000000e+01
4.370000000000000000e+02,6.473117591444349728e+00,4.010000000000000142e+01,4.000000000000000000e+01
4.380000000000000000e+02,6.473117591444349728e+00,4.014999999999999858e+01,4.000000000000000000e+01
4.390000000000000000e+02,6.473117591444349728e+00,4.013000000000000256e+01,4.000000000000000000e+01
4.400000000000000000e+02,6.473117591444349728e+00,4.013000000000000256e+01,4.000000000000000000e+01
4.410000000000000000e+02,6.473117591444349728e+00,4.014999999999999858e+01,4.000000000000000000e+01
4.420000000000000000e+02,5.938516907062932226e+00,4.014999999999999858e+01,4.000000000000000000e+01
4.430000000000000000e+02,5.938516907062932226e+00,4.020000000000000284e+01,4.000000000000000000e+01
4.440000000000000000e+02,5.938516907062932226e+00,4.020000000000000284e+01,4.000000000000000000e+01
4.450000000000000000e+02,5.938516907062932226e+00,4.010000000000000142e+01,4.000000000000000000e+01
4.460000000000000000e+02,5.938516907062932226e+00,4.020000000000000284e+01,4.000000000000000000e+01
4.470000000000000000e+02,5.938516907062932226e+00,4.014999999999999858e+01,4.000000000000000000e+01
4.480000000000000000e+02,5.938516907062932226e+00,4.014999999999999858e+01,4.000000000000000000e+01
4.490000000000000000e+02,5.938516907062932226e+00,4.020000000000000284e+01,4.000000000000000000e+01
4.500000000000000000e+02,5.938516907062932226e+00,4.014999999999999858e+01,4.000000000000000000e+01
4.510000000000000000e+02,5.938516907062932226e+00,4.007999999999999829e+01,4.000000000000000000e+01
4.520000000000000000e+02,5.938516907062932226e+00,4.004999999999999716e+01,4.000000000000000000e+01
4.530000000000000000e+02,5.938516907062932226e+00,4.013000000000000256e+01,4.000000000000000000e+01
4.540000000000000000e+02,5.938516907062932226e+00,4.014999999999999858e+01,4.000000000000000000e+01
4.550000000000000000e+02,5.938516907062932226e+00,4.013000000000000256e+01,4.000000000000000000e+01
4.560000000000000000e+02,5.938516907062932226e+00,4.010000000000000142e+01,4.000000000000000000e+01
4.570000000000000000e+02,5.938516907062932226e+00,4.010000000000000142e+01,4.000000000000000000e+01
4.580000000000000000e+02,5.938516907062932226e+00,4.004999999999999716e+01,4.000000000000000000e+01
4.590000000000000000e+02,5.938516907062932226e+00,3.988000000000000256e+01,4.000000000000000000e+01
4.600000000000000000e+02,5.938516907062932226e+00,3.997999999999999687e+01,4.000000000000000000e+01
4.610000000000000000e+02,5.938516907062932226e+00,4.007999999999999829e+01,4.000000000000000000e+01
4.620000000000000000e+02,5.938516907062932226e+00,4.000000000000000000e+01,4.000000000000000000e+01
4.630000000000000000e+02,5.938516907062932226e+00,4.004999999999999716e+01,4.000000000000000000e+01
4.640000000000000000e+02,5.938516907062932226e+00,4.010000000000000142e+01,4.000000000000000000e+01
4.650000000000000000e+02,5.938516907062932226e+00,4.014999999999999858e+01,4.000000000000000000e+01
4.660000000000000000e+02,5.938516907062932226e+00,4.010000000000000142e+01,4.000000000000000000e+01
4.670000000000000000e+02,5.938516907062932226e+00,4.010000000000000142e+01,4.000000000000000000e+01
4.680000000000000000e+02,5.819002794323000494e+00,4.020000000000000284e+01,4.000000000000000000e+01
4.690000000000000000e+02,5.819002794323000494e+00,4.020000000000000284e+01,4.000000000000000000e+01
4.700000000000000000e+02,5.819002794323000494e+00,4.010000000000000142e+01,4.000000000000000000e+01
4.710000000000000000e+02,5.819002794323000494e+00,4.020000000000000284e+01,4.000000000000000000e+01
4.720000000000000000e+02,5.819002794323000494e+00,4.020000000000000284e+01,4.000000000000000000e+01
4.730000000000000000e+02,5.819002794323000494e+00,4.017000000000000171e+01,4.000000000000000000e+01
4.740000000000000000e+02,5.819002794323000494e+00,4.020000000000000284e+01,4.000000000000000000e+01
4.750000000000000000e+02,5.819002794323000494e+00,4.014999999999999858e+01,4.000000000000000000e+01
4.760000000000000000e+02,5.819002794323000494e+00,4.020000000000000284e+01,4.000000000000000000e+01
4.770000000000000000e+02,5.819002794323000494e+00,4.020000000000000284e+01,4.000000000000000000e+01
4.780000000000000000e+02,5.819002794323000494e+00,4.010000000000000142e+01,4.000000000000000000e+01
4.790000000000000000e+02,5.819002794323000494e+00,4.014999999999999858e+01,4.000000000000000000e+01
4.800000000000000000e+02,5.819002794323000494e+00,4.017000000000000171e+01,4.000000000000000000e+01
4.810000000000000000e+02,5.819002794323000494e+00,4.014999999999999858e+01,4.000000000000000000e+01
4.820000000000000000e+02,5.819002794323000494e+00,4.014999999999999858e+01,4.000000000000000000e+01
4.830000000000000000e+02,5.819002794323000494e+00,4.020000000000000284e+01,4.000000000000000000e+01
4.840000000000000000e+02,5.819002794323000494e+00,4.014999999999999858e+01,4.000000000000000000e+01
4.850000000000000000e+02,5.819002794323000494e+00,4.014999999999999858e+01,4.000000000000000000e+01
4.860000000000000000e+02,5.819002794323000494e+00,4.014999999999999858e+01,4.000000000000000000e+01
4.870000000000000000e+02,5.819002794323000494e+00,4.014999999999999858e+01,4.000000000000000000e+01
4.880000000000000000e+02,5.819002794323000494e+00,4.020000000000000284e+01,4.000000000000000000e+01
4.890000000000000000e+02,5.819002794323000494e+00,4.020000000000000284e+01,4.000000000000000000e+01
4.900000000000000000e+02,5.819002794323000494e+00,4.014999999999999858e+01,4.000000000000000000e+01
4.910000000000000000e+02,5.819002794323000494e+00,4.014999999999999858e+01,4.000000000000000000e+01
4.920000000000000000e+02,5.819002794323000494e+00,4.014999999999999858e+01,4.000000000000000000e+01
4.930000000000000000e+02,5.819002794323000494e+00,4.014999999999999858e+01,4.000000000000000000e+01
4.940000000000000000e+02,5.826098753208600378e+00,4.014999999999999858e+01,4.000000000000000000e+01
4.950000000000000000e+02,5.826098753208600378e+00,4.020000000000000284e+01,4.000000000000000000e+01
4.960000000000000000e+02,5.826098753208600378e+00,4.020000000000000284e+01,4.000000000000000000e+01
4.970000000000000000e+02,5.826098753208600378e+00,4.010000000000000142e+01,4.000000000000000000e+01
4.980000000000000000e+02,5.826098753208600378e+00,4.014999999999999858e+01,4.000000000000000000e+01
4.990000000000000000e+02,5.826098753208600378e+00,4.014999999999999858e+01,4.000000000000000000e+01
5.000000000000000000e+02,5.826098753208600378e+00,4.014999999999999858e+01,4.000000000000000000e+01
5.010000000000000000e+02,5.826098753208600378e+00,4.014999999999999858e+01,4.000000000000000000e+01
5.020000000000000000e+02,5.826098753208600378e+00,4.014999999999999858e+01,4.000000000000000000e+01
5.030000000000000000e+02,5.826098753208600378e+00,4.017000000000000171e+01,4.000000000000000000e+01
5.040000000000000000e+02,5.826098753208600378e+00,4.014999999999999858e+01,4.000000000000000000e+01
5.050000000000000000e+02,5.826098753208600378e+00,4.014999999999999858e+01,4.000000000000000000e+01
5.060000000000000000e+02,5.826098753208600378e+00,4.014999999999999858e+01,4.000000000000000000e+01
5.070000000000000000e+02,5.826098753208600378e+00,4.010000000000000142e+01,4.000000000000000000e+01
5.080000000000000000e+02,5.826098753208600378e+00,4.014999999999999858e+01,4.000000000000000000e+01
5.090000000000000000e+02,5.826098753208600378e+00,4.014999999999999858e+01,4.000000000000000000e+01
5.100000000000000000e+02,5.826098753208600378e+00,4.014999999999999858e+01,4.000000000000000000e+01
5.110000000000000000e+02,5.826098753208600378e+00,4.020000000000000284e+01,4.000000000000000000e+01
5.120000000000000000e+02,5.826098753208600378e+00,4.020000000000000284e+01,4.000000000000000000e+01
5.130000000000000000e+02,5.826098753208600378e+00,4.020000000000000284e+01,4.000000000000000000e+01
5.140000000000000000e+02,5.826098753208600378e+00,4.020000000000000284e+01,4.000000000000000000e+01
5.150000000000000000e+02,5.826098753208600378e+00,4.020000000000000284e+01,4.000000000000000000e+01
5.160000000000000000e+02,5.826098753208600378e+00,4.017000000000000171e+01,4.000000000000000000e+01
5.170000000000000000e+02,5.826098753208600378e+00,4.020000000000000284e+01,4.000000000000000000e+01
5.180000000000000000e+02,5.826098753208600378e+00,4.017000000000000171e+01,4.000000000000000000e+01
5.190000000000000000e+02,5.826098753208600378e+00,4.020000000000000284e+01,4.000000000000000000e+01
5.200000000000000000e+02,5.706584640468668645e+00,4.020000000000000284e+01,4.000000000000000000e+01
5.210000000000000000e+02,5.706584640468668645e+00,4.021999999999999886e+01,4.000000000000000000e+01
5.220000000000000000e+02,5.706584640468668645e+00,4.014999999999999858e+01,4.000000000000000000e+01
5.230000000000000000e+02,5.706584640468668645e+00,4.020000000000000284e+01,4.000000000000000000e+01
5.240000000000000000e+02,5.706584640468668645e+00,4.020000000000000284e+01,4.000000000000000000e+01
5.250000000000000000e+02,5.706584640468668645e+00,4.017000000000000171e+01,4.000000000000000000e+01
5.260000000000000000e+02,5.706584640468668645e+00,4.017000000000000171e+01,4.000000000000000000e+01
5.270000000000000000e+02,5.706584640468668645e+00,4.020000000000000284e+01,4.000000000000000000e+01
5.280000000000000000e+02,5.706584640468668645e+00,4.020000000000000284e+01,4.000000000000000000e+01
5.290000000000000000e+02,5.706584640468668645e+00,4.017000000000000171e+01,4.000000000000000000e+01
5.300000000000000000e+02,5.706584640468668645e+00,4.020000000000000284e+01,4.000000000000000000e+01
5.310000000000000000e+02,5.706584640468668645e+00,4.017000000000000171e+01,4.000000000000000000e+01
5.320000000000000000e+02,5.706584640468668645e+00,4.017000000000000171e+01,4.000000000000000000e+01
5.330000000000000000e+02,5.706584640468668645e+00,4.020000000000000284e+01,4.000000000000000000e+01
5.340000000000000000e+02,5.706584640468668645e+00,4.020000000000000284e+01,4.000000000000000000e+01
5.350000000000000000e+02,5.706584640468668645e+00,4.020000000000000284e+01,4.000000000000000000e+01
5.360000000000000000e+02,5.706584640468668645e+00,4.017000000000000171e+01,4.000000000000000000e+01
5.370000000000000000e+02,5.706584640468668645e+00,4.017000000000000171e+01,4.000000000000000000e+01
5.380000000000000000e+02,5.706584640468668645e+00,4.017000000000000171e+01,4.000000000000000000e+01
5.390000000000000000e+02,5.706584640468668645e+00,4.017000000000000171e+01,4.000000000000000000e+01
5.400000000000000000e+02,5.706584640468668645e+00,4.014999999999999858e+01,4.000000000000000000e+01
5.410000000000000000e+02,5.706584640468668645e+00,4.017000000000000171e+01,4.000000000000000000e+01
5.420000000000000000e+02,5.706584640468668645e+00,4.014999999999999858e+01,4.000000000000000000e+01
5.430000000000000000e+02,5.706584640468668645e+00,4.014999999999999858e+01,4.000000000000000000e+01
5.440000000000000000e+02,5.706584640468668645e+00,4.017000000000000171e+01,4.000000000000000000e+01
5.450000000000000000e+02,5.706584640468668645e+00,4.014999999999999858e+01,4.000000000000000000e+01
5.460000000000000000e+02,5.685146637776179013e+00,4.017000000000000171e+01,4.000000000000000000e+01
5.470000000000000000e+02,5.685146637776179013e+00,4.020000000000000284e+01,4.000000000000000000e+01
5.480000000000000000e+02,5.685146637776179013e+00,4.017000000000000171e+01,4.000000000000000000e+01
5.490000000000000000e+02,5.685146637776179013e+00,4.020000000000000284e+01,4.000000000000000000e+01
5.500000000000000000e+02,5.685146637776179013e+00,4.014999999999999858e+01,4.000000000000000000e+01
5.510000000000000000e+02,5.685146637776179013e+00,4.017000000000000171e+01,4.000000000000000000e+01
5.520000000000000000e+02,5.685146637776179013e+00,4.020000000000000284e+01,4.000000000000000000e+01
5.530000000000000000e+02,5.685146637776179013e+00,4.020000000000000284e+01,4.000000000000000000e+01
5.540000000000000000e+02,5.685146637776179013e+00,4.021999999999999886e+01,4.000000000000000000e+01
5.550000000000000000e+02,5.685146637776179013e+00,4.025000000000000000e+01,4.000000000000000000e+01
5.560000000000000000e+02,5.685146637776179013e+00,4.036999999999999744e+01,4.000000000000000000e+01
5.570000000000000000e+02,5.685146637776179013e+00,4.025000000000000000e+01,4.000000000000000000e+01
5.580000000000000000e+02,5.685146637776179013e+00,4.029999999999999716e+01,4.000000000000000000e+01
5.590000000000000000e+02,5.685146637776179013e+00,4.035000000000000142e+01,4.000000000000000000e+01
5.600000000000000000e+02,5.685146637776179013e+00,4.035000000000000142e+01,4.000000000000000000e+01
5.610000000000000000e+02,5.685146637776179013e+00,4.039000000000000057e+01,4.000000000000000000e+01
5.620000000000000000e+02,5.685146637776179013e+00,4.036999999999999744e+01,4.000000000000000000e+01
5.630000000000000000e+02,5.685146637776179013e+00,4.059000000000000341e+01,4.000000000000000000e+01
5.640000000000000000e+02,5.685146637776179013e+00,4.049000000000000199e+01,4.000000000000000000e+01
5.650000000000000000e+02,5.685146637776179013e+00,4.059000000000000341e+01,4.000000000000000000e+01
5.660000000000000000e+02,5.685146637776179013e+00,4.049000000000000199e+01,4.000000000000000000e+01
5.670000000000000000e+02,5.685146637776179013e+00,4.042000000000000171e+01,4.000000000000000000e+01
5.680000000000000000e+02,5.685146637776179013e+00,4.043999999999999773e+01,4.000000000000000000e+01
5.690000000000000000e+02,5.685146637776179013e+00,4.060999999999999943e+01,4.000000000000000000e+01
5.700000000000000000e+02,5.685146637776179013e+00,4.059000000000000341e+01,4.000000000000000000e+01
5.710000000000000000e+02,5.685146637776179013e+00,4.064000000000000057e+01,4.000000000000000000e+01
5.720000000000000000e+02,4.931461475812431772e+00,4.065999999999999659e+01,4.000000000000000000e+01
5.730000000000000000e+02,4.931461475812431772e+00,4.068999999999999773e+01,4.000000000000000000e+01
5.740000000000000000e+02,4.931461475812431772e+00,4.068999999999999773e+01,4.000000000000000000e+01
5.750000000000000000e+02,4.931461475812431772e+00,4.057000000000000028e+01,4.000000000000000000e+01
5.760000000000000000e+02,4.931461475812431772e+00,4.060999999999999943e+01,4.000000000000000000e+01
5.770000000000000000e+02,4.931461475812431772e+00,4.065999999999999659e+01,4.000000000000000000e+01
5.780000000000000000e+02,4.931461475812431772e+00,4.064000000000000057e+01,4.000000000000000000e+01
5.790000000000000000e+02,4.931461475812431772e+00,4.065999999999999659e+01,4.000000000000000000e+01
5.800000000000000000e+02,4.931461475812431772e+00,4.064000000000000057e+01,4.000000000000000000e+01
5.810000000000000000e+02,4.931461475812431772e+00,4.059000000000000341e+01,4.000000000000000000e+01
5.820000000000000000e+02,4.931461475812431772e+00,4.068999999999999773e+01,4.000000000000000000e+01
5.830000000000000000e+02,4.931461475812431772e+00,4.057000000000000028e+01,4.000000000000000000e+01
5.840000000000000000e+02,4.931461475812431772e+00,4.046999999999999886e+01,4.000000000000000000e+01
5.850000000000000000e+02,4.931461475812431772e+00,4.036999999999999744e+01,4.000000000000000000e+01
5.860000000000000000e+02,4.931461475812431772e+00,4.032000000000000028e+01,4.000000000000000000e+01
5.870000000000000000e+02,4.931461475812431772e+00,4.027000000000000313e+01,4.000000000000000000e+01
5.880000000000000000e+02,4.931461475812431772e+00,4.032000000000000028e+01,4.000000000000000000e+01
5.890000000000000000e+02,4.931461475812431772e+00,4.035000000000000142e+01,4.000000000000000000e+01
5.900000000000000000e+02,4.931461475812431772e+00,4.036999999999999744e+01,4.000000000000000000e+01
5.910000000000000000e+02,4.931461475812431772e+00,4.042000000000000171e+01,4.000000000000000000e+01
5.920000000000000000e+02,4.931461475812431772e+00,4.046999999999999886e+01,4.000000000000000000e+01
5.930000000000000000e+02,4.931461475812431772e+00,4.042000000000000171e+01,4.000000000000000000e+01
5.940000000000000000e+02,4.931461475812431772e+00,4.042000000000000171e+01,4.000000000000000000e+01
5.950000000000000000e+02,4.931461475812431772e+00,4.035000000000000142e+01,4.000000000000000000e+01
5.960000000000000000e+02,4.931461475812431772e+00,4.042000000000000171e+01,4.000000000000000000e+01
5.970000000000000000e+02,4.931461475812431772e+00,4.057000000000000028e+01,4.000000000000000000e+01
5.980000000000000000e+02,4.962011630529406858e+00,4.049000000000000199e+01,4.000000000000000000e+01
5.990000000000000000e+02,4.962011630529406858e+00,4.053999999999999915e+01,4.000000000000000000e+01
6.000000000000000000e+02,4.962011630529406858e+00,4.042000000000000171e+01,4.000000000000000000e+01
6.010000000000000000e+02,4.962011630529406858e+00,4.029999999999999716e+01,4.000000000000000000e+01
6.020000000000000000e+02,4.962011630529406858e+00,4.020000000000000284e+01,4.000000000000000000e+01
6.030000000000000000e+02,4.962011630529406858e+00,4.020000000000000284e+01,4.000000000000000000e+01
6.040000000000000000e+02,4.962011630529406858e+00,4.017000000000000171e+01,4.000000000000000000e+01
6.050000000000000000e+02,4.962011630529406858e+00,4.020000000000000284e+01,4.000000000000000000e+01
6.060000000000000000e+02,4.962011630529406858e+00,4.020000000000000284e+01,4.000000000000000000e+01
6.070000000000000000e+02,4.962011630529406858e+00,4.020000000000000284e+01,4.000000000000000000e+01
6.080000000000000000e+02,4.962011630529406858e+00,4.014999999999999858e+01,4.000000000000000000e+01
6.090000000000000000e+02,4.962011630529406858e+00,4.020000000000000284e+01,4.000000000000000000e+01
6.100000000000000000e+02,4.962011630529406858e+00,4.020000000000000284e+01,4.000000000000000000e+01
6.110000000000000000e+02,4.962011630529406858e+00,4.010000000000000142e+01,4.000000000000000000e+01
6.120000000000000000e+02,4.962011630529406858e+00,4.014999999999999858e+01,4.000000000000000000e+01
6.130000000000000000e+02,4.962011630529406858e+00,4.020000000000000284e+01,4.000000000000000000e+01
6.140000000000000000e+02,4.962011630529406858e+00,4.020000000000000284e+01,4.000000000000000000e+01
6.150000000000000000e+02,4.962011630529406858e+00,4.010000000000000142e+01,4.000000000000000000e+01
6.160000000000000000e+02,4.962011630529406858e+00,4.014999999999999858e+01,4.000000000000000000e+01
6.170000000000000000e+02,4.962011630529406858e+00,4.020000000000000284e+01,4.000000000000000000e+01
6.180000000000000000e+02,4.962011630529406858e+00,4.010000000000000142e+01,4.000000000000000000e+01
6.190000000000000000e+02,4.962011630529406858e+00,4.014999999999999858e+01,4.000000000000000000e+01
6.200000000000000000e+02,4.962011630529406858e+00,4.020000000000000284e+01,4.000000000000000000e+01
6.210000000000000000e+02,4.962011630529406858e+00,4.014999999999999858e+01,4.000000000000000000e+01
6.220000000000000000e+02,4.962011630529406858e+00,4.020000000000000284e+01,4.000000000000000000e+01
6.230000000000000000e+02,4.962011630529406858e+00,4.010000000000000142e+01,4.000000000000000000e+01
6.240000000000000000e+02,5.218368658015570816e+00,4.020000000000000284e+01,4.000000000000000000e+01
6.250000000000000000e+02,5.218368658015570816e+00,4.020000000000000284e+01,4.000000000000000000e+01
6.260000000000000000e+02,5.218368658015570816e+00,4.017000000000000171e+01,4.000000000000000000e+01
6.270000000000000000e+02,5.218368658015570816e+00,4.017000000000000171e+01,4.000000000000000000e+01
6.280000000000000000e+02,5.218368658015570816e+00,4.014999999999999858e+01,4.000000000000000000e+01
6.290000000000000000e+02,5.218368658015570816e+00,4.014999999999999858e+01,4.000000000000000000e+01
6.300000000000000000e+02,5.218368658015570816e+00,4.020000000000000284e+01,4.000000000000000000e+01
6.310000000000000000e+02,5.218368658015570816e+00,4.007999999999999829e+01,4.000000000000000000e+01
6.320000000000000000e+02,5.218368658015570816e+00,4.007999999999999829e+01,4.000000000000000000e+01
6.330000000000000000e+02,5.218368658015570816e+00,3.982999999999999829e+01,4.000000000000000000e+01
6.340000000000000000e+02,5.218368658015570816e+00,3.974000000000000199e+01,4.000000000000000000e+01
6.350000000000000000e+02,5.218368658015570816e+00,3.978000000000000114e+01,4.000000000000000000e+01
6.360000000000000000e+02,5.218368658015570816e+00,3.965999999999999659e+01,4.000000000000000000e+01
6.370000000000000000e+02,5.218368658015570816e+00,3.974000000000000199e+01,4.000000000000000000e+01
6.380000000000000000e+02,5.218368658015570816e+00,3.974000000000000199e+01,4.000000000000000000e+01
6.390000000000000000e+02,5.218368658015570816e+00,3.965999999999999659e+01,4.000000000000000000e+01
6.400000000000000000e+02,5.218368658015570816e+00,3.971000000000000085e+01,4.000000000000000000e+01
6.410000000000000000e+02,5.218368658015570816e+00,3.974000000000000199e+01,4.000000000000000000e+01
6.420000000000000000e+02,5.218368658015570816e+00,3.974000000000000199e+01,4.000000000000000000e+01
6.430000000000000000e+02,5.218368658015570816e+00,3.975999999999999801e+01,4.000000000000000000e+01
6.440000000000000000e+02,5.218368658015570816e+00,3.968999999999999773e+01,4.000000000000000000e+01
6.450000000000000000e+02,5.218368658015570816e+00,3.982999999999999829e+01,4.000000000000000000e+01
6.460000000000000000e+02,5.218368658015570816e+00,3.974000000000000199e+01,4.000000000000000000e+01
6.470000000000000000e+02,5.218368658015570816e+00,3.975999999999999801e+01,4.000000000000000000e+01
6.480000000000000000e+02,5.218368658015570816e+00,3.975999999999999801e+01,4.000000000000000000e+01
6.490000000000000000e+02,5.218368658015570816e+00,3.975999999999999801e+01,4.000000000000000000e+01
6.500000000000000000e+02,5.682008002150528370e+00,3.982999999999999829e+01,4.000000000000000000e+01
6.510000000000000000e+02,5.682008002150528370e+00,3.981000000000000227e+01,4.000000000000000000e+01
6.520000000000000000e+02,5.682008002150528370e+00,3.978000000000000114e+01,4.000000000000000000e+01
6.530000000000000000e+02,5.682008002150528370e+00,3.988000000000000256e+01,4.000000000000000000e+01
6.540000000000000000e+02,5.682008002150528370e+00,3.978000000000000114e+01,4.000000000000000000e+01
6.550000000000000000e+02,5.682008002150528370e+00,3.982999999999999829e+01,4.000000000000000000e+01
6.560000000000000000e+02,5.682008002150528370e+00,3.990999999999999659e+01,4.000000000000000000e+01
6.570000000000000000e+02,5.682008002150528370e+00,3.975999999999999801e+01,4.000000000000000000e+01
6.580000000000000000e+02,5.682008002150528370e+00,3.988000000000000256e+01,4.000000000000000000e+01
6.590000000000000000e+02,5.682008002150528370e+00,3.978000000000000114e+01,4.000000000000000000e+01
6.600000000000000000e+02,5.682008002150528370e+00,3.985999999999999943e+01,4.000000000000000000e+01
6.610000000000000000e+02,5.682008002150528370e+00,3.990999999999999659e+01,4.000000000000000000e+01
6.620000000000000000e+02,5.682008002150528370e+00,3.988000000000000256e+01,4.000000000000000000e+01
6.630000000000000000e+02,5.682008002150528370e+00,3.981000000000000227e+01,4.000000000000000000e+01
6.640000000000000000e+02,5.682008002150528370e+00,3.985999999999999943e+01,4.000000000000000000e+01
6.650000000000000000e+02,5.682008002150528370e+00,4.000000000000000000e+01,4.000000000000000000e+01
6.660000000000000000e+02,5.682008002150528370e+00,3.996000000000000085e+01,4.000000000000000000e+01
6.670000000000000000e+02,5.682008002150528370e+00,4.003000000000000114e+01,4.000000000000000000e+01
6.680000000000000000e+02,5.682008002150528370e+00,3.982999999999999829e+01,4.000000000000000000e+01
6.690000000000000000e+02,5.682008002150528370e+00,3.997999999999999687e+01,4.000000000000000000e+01
6.700000000000000000e+02,5.682008002150528370e+00,3.978000000000000114e+01,4.000000000000000000e+01
6.710000000000000000e+02,5.682008002150528370e+00,3.992999999999999972e+01,4.000000000000000000e+01
6.720000000000000000e+02,5.682008002150528370e+00,3.992999999999999972e+01,4.000000000000000000e+01
6.730000000000000000e+02,5.682008002150528370e+00,3.981000000000000227e+01,4.000000000000000000e+01
6.740000000000000000e+02,5.682008002150528370e+00,3.978000000000000114e+01,4.000000000000000000e+01
6.750000000000000000e+02,5.682008002150528370e+00,3.968999999999999773e+01,4.000000000000000000e+01
6.760000000000000000e+02,5.907814874919709247e+00,3.971000000000000085e+01,4.000000000000000000e+01
6.770000000000000000e+02,5.907814874919709247e+00,3.965999999999999659e+01,4.000000000000000000e+01
6.780000000000000000e+02,5.907814874919709247e+00,3.971000000000000085e+01,4.000000000000000000e+01
6.790000000000000000e+02,5.907814874919709247e+00,3.971000000000000085e+01,4.000000000000000000e+01
6.810000000000000000e+02,5.907814874919709247e+00,3.968999999999999773e+01,4.000000000000000000e+01
6.820000000000000000e+02,5.907814874919709247e+00,3.974000000000000199e+01,4.000000000000000000e+01
6.830000000000000000e+02,5.907814874919709247e+00,3.968999999999999773e+01,4.000000000000000000e+01
6.840000000000000000e+02,5.907814874919709247e+00,3.968999999999999773e+01,4.000000000000000000e+01
6.850000000000000000e+02,5.907814874919709247e+00,3.971000000000000085e+01,4.000000000000000000e+01
6.860000000000000000e+02,5.907814874919709247e+00,3.975999999999999801e+01,4.000000000000000000e+01
6.870000000000000000e+02,5.907814874919709247e+00,3.978000000000000114e+01,4.000000000000000000e+01
6.880000000000000000e+02,5.907814874919709247e+00,3.971000000000000085e+01,4.000000000000000000e+01
6.890000000000000000e+02,5.907814874919709247e+00,3.982999999999999829e+01,4.000000000000000000e+01
6.900000000000000000e+02,5.907814874919709247e+00,4.000000000000000000e+01,4.000000000000000000e+01
6.910000000000000000e+02,5.907814874919709247e+00,3.981000000000000227e+01,4.000000000000000000e+01
6.920000000000000000e+02,5.907814874919709247e+00,3.990999999999999659e+01,4.000000000000000000e+01
6.930000000000000000e+02,5.907814874919709247e+00,3.996000000000000085e+01,4.000000000000000000e+01
6.940000000000000000e+02,5.907814874919709247e+00,4.007999999999999829e+01,4.000000000000000000e+01
6.950000000000000000e+02,5.907814874919709247e+00,4.010000000000000142e+01,4.000000000000000000e+01
6.960000000000000000e+02,5.907814874919709247e+00,4.013000000000000256e+01,4.000000000000000000e+01
6.970000000000000000e+02,5.907814874919709247e+00,4.020000000000000284e+01,4.000000000000000000e+01
6.980000000000000000e+02,5.907814874919709247e+00,4.020000000000000284e+01,4.000000000000000000e+01
6.990000000000000000e+02,5.907814874919709247e+00,4.014999999999999858e+01,4.000000000000000000e+01
7.000000000000000000e+02,5.907814874919709247e+00,4.014999999999999858e+01,4.000000000000000000e+01
7.020000000000000000e+02,5.224792552521542177e+00,4.014999999999999858e+01,4.000000000000000000e+01
7.030000000000000000e+02,5.224792552521542177e+00,4.007999999999999829e+01,4.000000000000000000e+01
7.040000000000000000e+02,5.224792552521542177e+00,4.020000000000000284e+01,4.000000000000000000e+01
7.050000000000000000e+02,5.224792552521542177e+00,4.014999999999999858e+01,4.000000000000000000e+01
7.060000000000000000e+02,5.224792552521542177e+00,4.010000000000000142e+01,4.000000000000000000e+01
7.070000000000000000e+02,5.224792552521542177e+00,4.007999999999999829e+01,4.000000000000000000e+01
7.080000000000000000e+02,5.224792552521542177e+00,4.000000000000000000e+01,4.000000000000000000e+01
7.090000000000000000e+02,5.224792552521542177e+00,3.996000000000000085e+01,4.000000000000000000e+01
7.100000000000000000e+02,5.224792552521542177e+00,4.000000000000000000e+01,4.000000000000000000e+01
7.110000000000000000e+02,5.224792552521542177e+00,4.000000000000000000e+01,4.000000000000000000e+01
7.120000000000000000e+02,5.224792552521542177e+00,3.985999999999999943e+01,4.000000000000000000e+01
7.140000000000000000e+02,5.224792552521542177e+00,3.982999999999999829e+01,4.000000000000000000e+01
7.150000000000000000e+02,5.224792552521542177e+00,3.974000000000000199e+01,4.000000000000000000e+01
7.160000000000000000e+02,5.224792552521542177e+00,3.968999999999999773e+01,4.000000000000000000e+01
7.170000000000000000e+02,5.224792552521542177e+00,3.971000000000000085e+01,4.000000000000000000e+01
7.180000000000000000e+02,5.224792552521542177e+00,3.965999999999999659e+01,4.000000000000000000e+01
7.190000000000000000e+02,5.224792552521542177e+00,3.971000000000000085e+01,4.000000000000000000e+01
7.200000000000000000e+02,5.224792552521542177e+00,3.968999999999999773e+01,4.000000000000000000e+01
7.220000000000000000e+02,5.224792552521542177e+00,3.965999999999999659e+01,4.000000000000000000e+01
7.230000000000000000e+02,5.224792552521542177e+00,3.968999999999999773e+01,4.000000000000000000e+01
7.240000000000000000e+02,5.224792552521542177e+00,3.960999999999999943e+01,4.000000000000000000e+01
7.250000000000000000e+02,5.224792552521542177e+00,3.971000000000000085e+01,4.000000000000000000e+01
7.260000000000000000e+02,5.224792552521542177e+00,3.960999999999999943e+01,4.000000000000000000e+01
7.270000000000000000e+02,5.224792552521542177e+00,3.964000000000000057e+01,4.000000000000000000e+01
7.280000000000000000e+02,6.558717724788077241e+00,3.965999999999999659e+01,4.000000000000000000e+01
7.290000000000000000e+02,6.558717724788077241e+00,3.965999999999999659e+01,4.000000000000000000e+01
7.310000000000000000e+02,6.558717724788077241e+00,3.960999999999999943e+01,4.000000000000000000e+01
7.320000000000000000e+02,6.558717724788077241e+00,3.964000000000000057e+01,4.000000000000000000e+01
7.330000000000000000e+02,6.558717724788077241e+00,3.968999999999999773e+01,4.000000000000000000e+01
7.340000000000000000e+02,6.558717724788077241e+00,3.965999999999999659e+01,4.000000000000000000e+01
7.350000000000000000e+02,6.558717724788077241e+00,3.968999999999999773e+01,4.000000000000000000e+01
7.360000000000000000e+02,6.558717724788077241e+00,3.971000000000000085e+01,4.000000000000000000e+01
7.370000000000000000e+02,6.558717724788077241e+00,3.968999999999999773e+01,4.000000000000000000e+01
7.390000000000000000e+02,6.558717724788077241e+00,3.968999999999999773e+01,4.000000000000000000e+01
7.400000000000000000e+02,6.558717724788077241e+00,3.974000000000000199e+01,4.000000000000000000e+01
7.410000000000000000e+02,6.558717724788077241e+00,3.982999999999999829e+01,4.000000000000000000e+01
7.420000000000000000e+02,6.558717724788077241e+00,3.982999999999999829e+01,4.000000000000000000e+01
7.430000000000000000e+02,6.558717724788077241e+00,3.996000000000000085e+01,4.000000000000000000e+01
7.440000000000000000e+02,6.558717724788077241e+00,4.007999999999999829e+01,4.000000000000000000e+01
7.460000000000000000e+02,6.558717724788077241e+00,4.007999999999999829e+01,4.000000000000000000e+01
7.470000000000000000e+02,6.558717724788077241e+00,4.010000000000000142e+01,4.000000000000000000e+01
7.480000000000000000e+02,6.558717724788077241e+00,4.014999999999999858e+01,4.000000000000000000e+01
7.490000000000000000e+02,6.558717724788077241e+00,4.014999999999999858e+01,4.000000000000000000e+01
7.500000000000000000e+02,6.558717724788077241e+00,4.014999999999999858e+01,4.000000000000000000e+01
7.510000000000000000e+02,6.558717724788077241e+00,4.010000000000000142e+01,4.000000000000000000e+01
7.520000000000000000e+02,6.558717724788077241e+00,4.014999999999999858e+01,4.000000000000000000e+01
7.540000000000000000e+02,4.579641532779508140e+00,4.014999999999999858e+01,4.000000000000000000e+01
7.550000000000000000e+02,4.579641532779508140e+00,4.020000000000000284e+01,4.000000000000000000e+01
7.560000000000000000e+02,4.579641532779508140e+00,4.014999999999999858e+01,4.000000000000000000e+01
7.570000000000000000e+02,4.579641532779508140e+00,4.020000000000000284e+01,4.000000000000000000e+01
7.580000000000000000e+02,4.579641532779508140e+00,4.020000000000000284e+01,4.000000000000000000e+01
7.590000000000000000e+02,4.579641532779508140e+00,4.020000000000000284e+01,4.000000000000000000e+01
7.610000000000000000e+02,4.579641532779508140e+00,4.020000000000000284e+01,4.000000000000000000e+01
7.620000000000000000e+02,4.579641532779508140e+00,4.020000000000000284e+01,4.000000000000000000e+01
7.630000000000000000e+02,4.579641532779508140e+00,4.020000000000000284e+01,4.000000000000000000e+01
7.640000000000000000e+02,4.579641532779508140e+00,4.014999999999999858e+01,4.000000000000000000e+01
7.650000000000000000e+02,4.579641532779508140e+00,4.017000000000000171e+01,4.000000000000000000e+01
7.660000000000000000e+02,4.579641532779508140e+00,4.003000000000000114e+01,4.000000000000000000e+01
7.680000000000000000e+02,4.579641532779508140e+00,3.997999999999999687e+01,4.000000000000000000e+01
7.690000000000000000e+02,4.579641532779508140e+00,3.985999999999999943e+01,4.000000000000000000e+01
7.700000000000000000e+02,4.579641532779508140e+00,3.982999999999999829e+01,4.000000000000000000e+01
7.710000000000000000e+02,4.579641532779508140e+00,3.971000000000000085e+01,4.000000000000000000e+01
7.730000000000000000e+02,4.579641532779508140e+00,3.964000000000000057e+01,4.000000000000000000e+01
7.740000000000000000e+02,4.579641532779508140e+00,3.971000000000000085e+01,4.000000000000000000e+01
7.750000000000000000e+02,4.579641532779508140e+00,3.971000000000000085e+01,4.000000000000000000e+01
7.760000000000000000e+02,4.579641532779508140e+00,3.965999999999999659e+01,4.000000000000000000e+01
7.780000000000000000e+02,4.579641532779508140e+00,3.971000000000000085e+01,4.000000000000000000e+01
7.790000000000000000e+02,4.579641532779508140e+00,3.971000000000000085e+01,4.000000000000000000e+01
7.800000000000000000e+02,7.166819632289316289e+00,3.968999999999999773e+01,4.000000000000000000e+01
7.810000000000000000e+02,7.166819632289316289e+00,3.965999999999999659e+01,4.000000000000000000e+01
7.820000000000000000e+02,7.166819632289316289e+00,3.965999999999999659e+01,4.000000000000000000e+01
7.840000000000000000e+02,7.166819632289316289e+00,3.968999999999999773e+01,4.000000000000000000e+01
7.850000000000000000e+02,7.166819632289316289e+00,3.965999999999999659e+01,4.000000000000000000e+01
7.860000000000000000e+02,7.166819632289316289e+00,3.965999999999999659e+01,4.000000000000000000e+01
7.870000000000000000e+02,7.166819632289316289e+00,3.968999999999999773e+01,4.000000000000000000e+01
7.890000000000000000e+02,7.166819632289316289e+00,3.968999999999999773e+01,4.000000000000000000e+01
7.900000000000000000e+02,7.166819632289316289e+00,3.971000000000000085e+01,4.000000000000000000e+01
7.910000000000000000e+02,7.166819632289316289e+00,3.978000000000000114e+01,4.000000000000000000e+01
7.920000000000000000e+02,7.166819632289316289e+00,3.985999999999999943e+01,4.000000000000000000e+01
7.940000000000000000e+02,7.166819632289316289e+00,3.990999999999999659e+01,4.000000000000000000e+01
7.950000000000000000e+02,7.166819632289316289e+00,3.978000000000000114e+01,4.000000000000000000e+01
7.960000000000000000e+02,7.166819632289316289e+00,3.978000000000000114e+01,4.000000000000000000e+01
7.970000000000000000e+02,7.166819632289316289e+00,3.978000000000000114e+01,4.000000000000000000e+01
7.980000000000000000e+02,7.166819632289316289e+00,3.981000000000000227e+01,4.000000000000000000e+01
8.000000000000000000e+02,7.166819632289316289e+00,3.990999999999999659e+01,4.000000000000000000e+01
8.010000000000000000e+02,7.166819632289316289e+00,4.003000000000000114e+01,4.000000000000000000e+01
8.020000000000000000e+02,7.166819632289316289e+00,4.007999999999999829e+01,4.000000000000000000e+01
8.030000000000000000e+02,7.166819632289316289e+00,4.007999999999999829e+01,4.000000000000000000e+01
8.050000000000000000e+02,7.166819632289316289e+00,4.014999999999999858e+01,4.000000000000000000e+01
8.060000000000000000e+02,4.045040848398090638e+00,4.014999999999999858e+01,4.000000000000000000e+01
8.070000000000000000e+02,4.045040848398090638e+00,4.020000000000000284e+01,4.000000000000000000e+01
8.090000000000000000e+02,4.045040848398090638e+00,4.020000000000000284e+01,4.000000000000000000e+01
8.100000000000000000e+02,4.045040848398090638e+00,4.020000000000000284e+01,4.000000000000000000e+01
8.110000000000000000e+02,4.045040848398090638e+00,4.010000000000000142e+01,4.000000000000000000e+01
8.120000000000000000e+02,4.045040848398090638e+00,4.014999999999999858e+01,4.000000000000000000e+01
8.140000000000000000e+02,4.045040848398090638e+00,4.013000000000000256e+01,4.000000000000000000e+01
8.150000000000000000e+02,4.045040848398090638e+00,4.013000000000000256e+01,4.000000000000000000e+01
8.160000000000000000e+02,4.045040848398090638e+00,4.000000000000000000e+01,4.000000000000000000e+01
8.170000000000000000e+02,4.045040848398090638e+00,3.990999999999999659e+01,4.000000000000000000e+01
8.190000000000000000e+02,4.045040848398090638e+00,3.981000000000000227e+01,4.000000000000000000e+01
8.200000000000000000e+02,4.045040848398090638e+00,3.988000000000000256e+01,4.000000000000000000e+01
8.210000000000000000e+02,4.045040848398090638e+00,3.982999999999999829e+01,4.000000000000000000e+01
8.220000000000000000e+02,4.045040848398090638e+00,3.974000000000000199e+01,4.000000000000000000e+01
8.240000000000000000e+02,4.045040848398090638e+00,3.971000000000000085e+01,4.000000000000000000e+01
8.250000000000000000e+02,4.045040848398090638e+00,3.971000000000000085e+01,4.000000000000000000e+01
8.260000000000000000e+02,4.045040848398090638e+00,3.971000000000000085e+01,4.000000000000000000e+01
8.280000000000000000e+02,4.045040848398090638e+00,3.971000000000000085e+01,4.000000000000000000e+01
8.290000000000000000e+02,4.045040848398090638e+00,3.968999999999999773e+01,4.000000000000000000e+01
8.300000000000000000e+02,4.045040848398090638e+00,3.971000000000000085e+01,4.000000000000000000e+01
8.310000000000000000e+02,4.045040848398090638e+00,3.965999999999999659e+01,4.000000000000000000e+01
8.330000000000000000e+02,4.045040848398090638e+00,3.971000000000000085e+01,4.000000000000000000e+01
8.340000000000000000e+02,4.045040848398090638e+00,3.971000000000000085e+01,4.000000000000000000e+01
8.350000000000000000e+02,4.045040848398090638e+00,3.971000000000000085e+01,4.000000000000000000e+01
8.360000000000000000e+02,4.045040848398090638e+00,3.971000000000000085e+01,4.000000000000000000e+01
8.380000000000000000e+02,4.045040848398090638e+00,3.971000000000000085e+01,4.000000000000000000e+01
8.390000000000000000e+02,4.045040848398090638e+00,3.971000000000000085e+01,4.000000000000000000e+01
8.400000000000000000e+02,4.045040848398090638e+00,3.971000000000000085e+01,4.000000000000000000e+01
8.420000000000000000e+02,4.045040848398090638e+00,3.971000000000000085e+01,4.000000000000000000e+01
8.430000000000000000e+02,4.045040848398090638e+00,3.971000000000000085e+01,4.000000000000000000e+01
8.440000000000000000e+02,4.045040848398090638e+00,3.965999999999999659e+01,4.000000000000000000e+01
8.450000000000000000e+02,4.045040848398090638e+00,3.965999999999999659e+01,4.000000000000000000e+01
8.470000000000000000e+02,4.045040848398090638e+00,3.971000000000000085e+01,4.000000000000000000e+01
8.480000000000000000e+02,4.045040848398090638e+00,3.971000000000000085e+01,4.000000000000000000e+01
8.490000000000000000e+02,4.045040848398090638e+00,3.960999999999999943e+01,4.000000000000000000e+01
8.510000000000000000e+02,4.045040848398090638e+00,3.942000000000000171e+01,4.000000000000000000e+01
8.520000000000000000e+02,4.045040848398090638e+00,3.921999999999999886e+01,4.000000000000000000e+01
8.530000000000000000e+02,4.045040848398090638e+00,3.921999999999999886e+01,4.000000000000000000e+01
8.550000000000000000e+02,4.045040848398090638e+00,3.917000000000000171e+01,4.000000000000000000e+01
8.560000000000000000e+02,4.045040848398090638e+00,3.921999999999999886e+01,4.000000000000000000e+01
8.580000000000000000e+02,4.837269377397617198e+00,3.921999999999999886e+01,4.000000000000000000e+01
8.590000000000000000e+02,4.837269377397617198e+00,3.917000000000000171e+01,4.000000000000000000e+01
8.600000000000000000e+02,4.837269377397617198e+00,3.917000000000000171e+01,4.000000000000000000e+01
8.610000000000000000e+02,4.837269377397617198e+00,3.921999999999999886e+01,4.000000000000000000e+01
8.630000000000000000e+02,4.837269377397617198e+00,3.917000000000000171e+01,4.000000000000000000e+01
8.640000000000000000e+02,4.837269377397617198e+00,3.907999999999999829e+01,4.000000000000000000e+01
8.650000000000000000e+02,4.837269377397617198e+00,3.907999999999999829e+01,4.000000000000000000e+01
8.670000000000000000e+02,4.837269377397617198e+00,3.910000000000000142e+01,4.000000000000000000e+01
8.680000000000000000e+02,4.837269377397617198e+00,3.913000000000000256e+01,4.000000000000000000e+01
8.700000000000000000e+02,4.837269377397617198e+00,3.900000000000000000e+01,4.000000000000000000e+01
8.710000000000000000e+02,4.837269377397617198e+00,3.910000000000000142e+01,4.000000000000000000e+01
8.720000000000000000e+02,4.837269377397617198e+00,3.892999999999999972e+01,4.000000000000000000e+01
8.740000000000000000e+02,4.837269377397617198e+00,3.872999999999999687e+01,4.000000000000000000e+01
8.750000000000000000e+02,4.837269377397617198e+00,3.871000000000000085e+01,4.000000000000000000e+01
8.760000000000000000e+02,4.837269377397617198e+00,3.872999999999999687e+01,4.000000000000000000e+01
8.780000000000000000e+02,4.837269377397617198e+00,3.871000000000000085e+01,4.000000000000000000e+01
8.790000000000000000e+02,4.837269377397617198e+00,3.871000000000000085e+01,4.000000000000000000e+01
8.800000000000000000e+02,4.837269377397617198e+00,3.882999999999999829e+01,4.000000000000000000e+01
8.820000000000000000e+02,4.837269377397617198e+00,3.885999999999999943e+01,4.000000000000000000e+01
8.830000000000000000e+02,4.837269377397617198e+00,3.881000000000000227e+01,4.000000000000000000e+01
8.840000000000000000e+02,5.069126580974021579e+00,3.897999999999999687e+01,4.000000000000000000e+01
8.860000000000000000e+02,5.069126580974021579e+00,3.888000000000000256e+01,4.000000000000000000e+01
8.870000000000000000e+02,5.069126580974021579e+00,3.882999999999999829e+01,4.000000000000000000e+01
8.880000000000000000e+02,5.069126580974021579e+00,3.872999999999999687e+01,4.000000000000000000e+01
8.900000000000000000e+02,5.069126580974021579e+00,3.878000000000000114e+01,4.000000000000000000e+01
8.910000000000000000e+02,5.069126580974021579e+00,3.882999999999999829e+01,4.000000000000000000e+01
8.930000000000000000e+02,5.069126580974021579e+00,3.881000000000000227e+01,4.000000000000000000e+01
8.940000000000000000e+02,5.069126580974021579e+00,3.875999999999999801e+01,4.000000000000000000e+01
8.950000000000000000e+02,5.069126580974021579e+00,3.882999999999999829e+01,4.000000000000000000e+01
8.970000000000000000e+02,5.069126580974021579e+00,3.888000000000000256e+01,4.000000000000000000e+01
8.980000000000000000e+02,5.069126580974021579e+00,3.903000000000000114e+01,4.000000000000000000e+01
8.990000000000000000e+02,5.069126580974021579e+00,3.892999999999999972e+01,4.000000000000000000e+01
9.010000000000000000e+02,5.069126580974021579e+00,3.903000000000000114e+01,4.000000000000000000e+01
9.020000000000000000e+02,5.069126580974021579e+00,3.907999999999999829e+01,4.000000000000000000e+01
9.030000000000000000e+02,5.069126580974021579e+00,3.917000000000000171e+01,4.000000000000000000e+01
9.050000000000000000e+02,5.069126580974021579e+00,3.913000000000000256e+01,4.000000000000000000e+01
9.060000000000000000e+02,5.069126580974021579e+00,3.904999999999999716e+01,4.000000000000000000e+01
9.080000000000000000e+02,5.069126580974021579e+00,3.904999999999999716e+01,4.000000000000000000e+01
9.090000000000000000e+02,5.069126580974021579e+00,3.907999999999999829e+01,4.000000000000000000e+01
9.100000000000000000e+02,4.695198322259497736e+00,3.910000000000000142e+01,4.000000000000000000e+01
9.120000000000000000e+02,4.695198322259497736e+00,3.895000000000000284e+01,4.000000000000000000e+01
9.130000000000000000e+02,4.695198322259497736e+00,3.907999999999999829e+01,4.000000000000000000e+01
9.150000000000000000e+02,4.695198322259497736e+00,3.903000000000000114e+01,4.000000000000000000e+01
9.160000000000000000e+02,4.695198322259497736e+00,3.895000000000000284e+01,4.000000000000000000e+01
9.170000000000000000e+02,4.695198322259497736e+00,3.888000000000000256e+01,4.000000000000000000e+01
9.190000000000000000e+02,4.695198322259497736e+00,3.875999999999999801e+01,4.000000000000000000e+01
9.200000000000000000e+02,4.695198322259497736e+00,3.882999999999999829e+01,4.000000000000000000e+01
9.220000000000000000e+02,4.695198322259497736e+00,3.875999999999999801e+01,4.000000000000000000e+01
9.230000000000000000e+02,4.695198322259497736e+00,3.875999999999999801e+01,4.000000000000000000e+01
9.250000000000000000e+02,4.695198322259497736e+00,3.872999999999999687e+01,4.000000000000000000e+01
9.260000000000000000e+02,4.695198322259497736e+00,3.875999999999999801e+01,4.000000000000000000e+01
9.270000000000000000e+02,4.695198322259497736e+00,3.872999999999999687e+01,4.000000000000000000e+01
9.290000000000000000e+02,4.695198322259497736e+00,3.872999999999999687e+01,4.000000000000000000e+01
9.300000000000000000e+02,4.695198322259497736e+00,3.872999999999999687e+01,4.000000000000000000e+01
9.320000000000000000e+02,4.695198322259497736e+00,3.871000000000000085e+01,4.000000000000000000e+01
9.330000000000000000e+02,4.695198322259497736e+00,3.872999999999999687e+01,4.000000000000000000e+01
9.340000000000000000e+02,4.695198322259497736e+00,3.871000000000000085e+01,4.000000000000000000e+01
9.360000000000000000e+02,5.726678514401909226e+00,3.871000000000000085e+01,4.000000000000000000e+01
9.370000000000000000e+02,5.726678514401909226e+00,3.868999999999999773e+01,4.000000000000000000e+01
9.390000000000000000e+02,5.726678514401909226e+00,3.871000000000000085e+01,4.000000000000000000e+01
9.400000000000000000e+02,5.726678514401909226e+00,3.872999999999999687e+01,4.000000000000000000e+01
9.420000000000000000e+02,5.726678514401909226e+00,3.872999999999999687e+01,4.000000000000000000e+01
9.430000000000000000e+02,5.726678514401909226e+00,3.872999999999999687e+01,4.000000000000000000e+01
9.440000000000000000e+02,5.726678514401909226e+00,3.868999999999999773e+01,4.000000000000000000e+01
9.460000000000000000e+02,5.726678514401909226e+00,3.872999999999999687e+01,4.000000000000000000e+01
9.470000000000000000e+02,5.726678514401909226e+00,3.868999999999999773e+01,4.000000000000000000e+01
9.490000000000000000e+02,5.726678514401909226e+00,3.868999999999999773e+01,4.000000000000000000e+01
9.500000000000000000e+02,5.726678514401909226e+00,3.872999999999999687e+01,4.000000000000000000e+01
9.520000000000000000e+02,5.726678514401909226e+00,3.872999999999999687e+01,4.000000000000000000e+01
9.530000000000000000e+02,5.726678514401909226e+00,3.868999999999999773e+01,4.000000000000000000e+01
9.540000000000000000e+02,5.726678514401909226e+00,3.872999999999999687e+01,4.000000000000000000e+01
9.560000000000000000e+02,5.726678514401909226e+00,3.872999999999999687e+01,4.000000000000000000e+01
9.570000000000000000e+02,5.726678514401909226e+00,3.872999999999999687e+01,4.000000000000000000e+01
9.590000000000000000e+02,5.726678514401909226e+00,3.871000000000000085e+01,4.000000000000000000e+01
9.600000000000000000e+02,5.726678514401909226e+00,3.872999999999999687e+01,4.000000000000000000e+01
9.620000000000000000e+02,5.103115623388072564e+00,3.872999999999999687e+01,4.000000000000000000e+01
9.630000000000000000e+02,5.103115623388072564e+00,3.872999999999999687e+01,4.000000000000000000e+01
9.650000000000000000e+02,5.103115623388072564e+00,3.872999999999999687e+01,4.000000000000000000e+01
9.660000000000000000e+02,5.103115623388072564e+00,3.871000000000000085e+01,4.000000000000000000e+01
9.670000000000000000e+02,5.103115623388072564e+00,3.868999999999999773e+01,4.000000000000000000e+01
9.690000000000000000e+02,5.103115623388072564e+00,3.868999999999999773e+01,4.000000000000000000e+01
9.700000000000000000e+02,5.103115623388072564e+00,3.872999999999999687e+01,4.000000000000000000e+01
9.720000000000000000e+02,5.103115623388072564e+00,3.872999999999999687e+01,4.000000000000000000e+01
9.730000000000000000e+02,5.103115623388072564e+00,3.868999999999999773e+01,4.000000000000000000e+01
9.750000000000000000e+02,5.103115623388072564e+00,3.871000000000000085e+01,4.000000000000000000e+01
9.760000000000000000e+02,5.103115623388072564e+00,3.872999999999999687e+01,4.000000000000000000e+01
9.780000000000000000e+02,5.103115623388072564e+00,3.868999999999999773e+01,4.000000000000000000e+01
9.790000000000000000e+02,5.103115623388072564e+00,3.872999999999999687e+01,4.000000000000000000e+01
9.810000000000000000e+02,5.103115623388072564e+00,3.868999999999999773e+01,4.000000000000000000e+01
9.820000000000000000e+02,5.103115623388072564e+00,3.871000000000000085e+01,4.000000000000000000e+01
9.840000000000000000e+02,5.103115623388072564e+00,3.868999999999999773e+01,4.000000000000000000e+01
9.850000000000000000e+02,5.103115623388072564e+00,3.868999999999999773e+01,4.000000000000000000e+01
9.870000000000000000e+02,5.103115623388072564e+00,3.872999999999999687e+01,4.000000000000000000e+01
9.880000000000000000e+02,6.163129777108563800e+00,3.871000000000000085e+01,4.000000000000000000e+01
9.900000000000000000e+02,6.163129777108563800e+00,3.871000000000000085e+01,4.000000000000000000e+01
9.910000000000000000e+02,6.163129777108563800e+00,3.871000000000000085e+01,4.000000000000000000e+01
9.930000000000000000e+02,6.163129777108563800e+00,3.871000000000000085e+01,4.000000000000000000e+01
9.940000000000000000e+02,6.163129777108563800e+00,3.868999999999999773e+01,4.000000000000000000e+01
9.960000000000000000e+02,6.163129777108563800e+00,3.868999999999999773e+01,4.000000000000000000e+01
9.970000000000000000e+02,6.163129777108563800e+00,3.871000000000000085e+01,4.000000000000000000e+01
9.990000000000000000e+02,6.163129777108563800e+00,3.871000000000000085e+01,4.000000000000000000e+01
1.000000000000000000e+03,6.163129777108563800e+00,3.865999999999999659e+01,4.000000000000000000e+01
1.002000000000000000e+03,6.163129777108563800e+00,3.865999999999999659e+01,4.000000000000000000e+01
1.003000000000000000e+03,6.163129777108563800e+00,3.872999999999999687e+01,4.000000000000000000e+01
1.005000000000000000e+03,6.163129777108563800e+00,3.871000000000000085e+01,4.000000000000000000e+01
1.007000000000000000e+03,6.163129777108563800e+00,3.864000000000000057e+01,4.000000000000000000e+01
1.008000000000000000e+03,6.163129777108563800e+00,3.872999999999999687e+01,4.000000000000000000e+01
1.010000000000000000e+03,6.163129777108563800e+00,3.872999999999999687e+01,4.000000000000000000e+01
1.011000000000000000e+03,6.163129777108563800e+00,3.868999999999999773e+01,4.000000000000000000e+01
1.013000000000000000e+03,6.163129777108563800e+00,3.868999999999999773e+01,4.000000000000000000e+01
1.014000000000000000e+03,5.545990780600697612e+00,3.868999999999999773e+01,4.000000000000000000e+01
1.016000000000000000e+03,5.545990780600697612e+00,3.872999999999999687e+01,4.000000000000000000e+01
1.017000000000000000e+03,5.545990780600697612e+00,3.872999999999999687e+01,4.000000000000000000e+01
1.019000000000000000e+03,5.545990780600697612e+00,3.871000000000000085e+01,4.000000000000000000e+01
1.020000000000000000e+03,5.545990780600697612e+00,3.872999999999999687e+01,4.000000000000000000e+01
1.022000000000000000e+03,5.545990780600697612e+00,3.872999999999999687e+01,4.000000000000000000e+01
1.023000000000000000e+03,5.545990780600697612e+00,3.871000000000000085e+01,4.000000000000000000e+01
1.025000000000000000e+03,5.545990780600697612e+00,3.871000000000000085e+01,4.000000000000000000e+01
1.026000000000000000e+03,5.545990780600697612e+00,3.868999999999999773e+01,4.000000000000000000e+01
1.028000000000000000e+03,5.545990780600697612e+00,3.871000000000000085e+01,4.000000000000000000e+01
1.030000000000000000e+03,5.545990780600697612e+00,3.871000000000000085e+01,4.000000000000000000e+01
1.031000000000000000e+03,5.545990780600697612e+00,3.865999999999999659e+01,4.000000000000000000e+01
1.033000000000000000e+03,5.545990780600697612e+00,3.868999999999999773e+01,4.000000000000000000e+01
1.034000000000000000e+03,5.545990780600697612e+00,3.872999999999999687e+01,4.000000000000000000e+01
1.036000000000000000e+03,5.545990780600697612e+00,3.864000000000000057e+01,4.000000000000000000e+01
1.037000000000000000e+03,5.545990780600697612e+00,3.864000000000000057e+01,4.000000000000000000e+01
1.039000000000000000e+03,5.545990780600697612e+00,3.872999999999999687e+01,4.000000000000000000e+01
1.040000000000000000e+03,6.622064670586083501e+00,3.864000000000000057e+01,4.000000000000000000e+01
1.042000000000000000e+03,6.622064670586083501e+00,3.868999999999999773e+01,4.000000000000000000e+01
1.044000000000000000e+03,6.622064670586083501e+00,3.868999999999999773e+01,4.000000000000000000e+01
1.045000000000000000e+03,6.622064670586083501e+00,3.868999999999999773e+01,4.000000000000000000e+01
1.047000000000000000e+03,6.622064670586083501e+00,3.868999999999999773e+01,4.000000000000000000e+01
1.048000000000000000e+03,6.622064670586083501e+00,3.868999999999999773e+01,4.000000000000000000e+01
1.050000000000000000e+03,6.622064670586083501e+00,3.868999999999999773e+01,4.000000000000000000e+01
1.051000000000000000e+03,6.622064670586083501e+00,3.868999999999999773e+01,4.000000000000000000e+01
1.053000000000000000e+03,6.622064670586083501e+00,3.868999999999999773e+01,4.000000000000000000e+01
1.055000000000000000e+03,6.622064670586083501e+00,3.868999999999999773e+01,4.000000000000000000e+01
1.056000000000000000e+03,6.622064670586083501e+00,3.872999999999999687e+01,4.000000000000000000e+01
1.058000000000000000e+03,6.622064670586083501e+00,3.871000000000000085e+01,4.000000000000000000e+01
1.059000000000000000e+03,6.622064670586083501e+00,3.868999999999999773e+01,4.000000000000000000e+01
1.061000000000000000e+03,6.622064670586083501e+00,3.868999999999999773e+01,4.000000000000000000e+01
1.063000000000000000e+03,6.622064670586083501e+00,3.871000000000000085e+01,4.000000000000000000e+01
1.064000000000000000e+03,6.622064670586083501e+00,3.868999999999999773e+01,4.000000000000000000e+01
1.066000000000000000e+03,5.988865937813321771e+00,3.868999999999999773e+01,4.000000000000000000e+01
1.067000000000000000e+03,5.988865937813321771e+00,3.872999999999999687e+01,4.000000000000000000e+01
1.069000000000000000e+03,5.988865937813321771e+00,3.875999999999999801e+01,4.000000000000000000e+01
1.071000000000000000e+03,5.988865937813321771e+00,3.892999999999999972e+01,4.000000000000000000e+01
1.072000000000000000e+03,5.988865937813321771e+00,3.910000000000000142e+01,4.000000000000000000e+01
1.074000000000000000e+03,5.988865937813321771e+00,3.920000000000000284e+01,4.000000000000000000e+01
1.076000000000000000e+03,5.988865937813321771e+00,3.917000000000000171e+01,4.000000000000000000e+01
1.077000000000000000e+03,5.988865937813321771e+00,3.921999999999999886e+01,4.000000000000000000e+01
1.079000000000000000e+03,5.988865937813321771e+00,3.913000000000000256e+01,4.000000000000000000e+01
1.081000000000000000e+03,5.988865937813321771e+00,3.917000000000000171e+01,4.000000000000000000e+01
1.082000000000000000e+03,5.988865937813321771e+00,3.921999999999999886e+01,4.000000000000000000e+01
1.084000000000000000e+03,5.988865937813321771e+00,3.921999999999999886e+01,4.000000000000000000e+01
1.086000000000000000e+03,5.988865937813321771e+00,3.917000000000000171e+01,4.000000000000000000e+01
1.087000000000000000e+03,5.988865937813321771e+00,3.920000000000000284e+01,4.000000000000000000e+01
1.089000000000000000e+03,5.988865937813321771e+00,3.920000000000000284e+01,4.000000000000000000e+01
1.090000000000000000e+03,5.988865937813321771e+00,3.914999999999999858e+01,4.000000000000000000e+01
1.092000000000000000e+03,6.358014682852539678e+00,3.917000000000000171e+01,4.000000000000000000e+01
1.094000000000000000e+03,6.358014682852539678e+00,3.917000000000000171e+01,4.000000000000000000e+01
1.095000000000000000e+03,6.358014682852539678e+00,3.917000000000000171e+01,4.000000000000000000e+01
1.097000000000000000e+03,6.358014682852539678e+00,3.917000000000000171e+01,4.000000000000000000e+01
1.099000000000000000e+03,6.358014682852539678e+00,3.927000000000000313e+01,4.000000000000000000e+01
1.100000000000000000e+03,6.358014682852539678e+00,3.946999999999999886e+01,4.000000000000000000e+01
1.102000000000000000e+03,6.358014682852539678e+00,3.960999999999999943e+01,4.000000000000000000e+01
1.104000000000000000e+03,6.358014682852539678e+00,3.960999999999999943e+01,4.000000000000000000e+01
1.105000000000000000e+03,6.358014682852539678e+00,3.965999999999999659e+01,4.000000000000000000e+01
