Time (sec), Heater 1 (%), Temperature 1 (degC)
0.000000000000000000e+00,0.000000000000000000e+00,3.467000000000000171e+01
9.975435733795166016e-01,0.000000000000000000e+00,3.467000000000000171e+01
1.997968196868896484e+00,0.000000000000000000e+00,3.467000000000000171e+01
2.998694896697998047e+00,0.000000000000000000e+00,3.467000000000000171e+01
4.000201225280761719e+00,0.000000000000000000e+00,3.467000000000000171e+01
4.999361038208007812e+00,0.000000000000000000e+00,3.467000000000000171e+01
6.000942230224609375e+00,0.000000000000000000e+00,3.467000000000000171e+01
7.001202106475830078e+00,0.000000000000000000e+00,3.467000000000000171e+01
7.993515253067016602e+00,0.000000000000000000e+00,3.467000000000000171e+01
8.996246576309204102e+00,0.000000000000000000e+00,3.467000000000000171e+01
9.997963190078735352e+00,2.000000000000000000e+01,3.467000000000000171e+01
1.099074196815490723e+01,2.000000000000000000e+01,3.467000000000000171e+01
1.199247765541076660e+01,2.000000000000000000e+01,3.467000000000000171e+01
1.299095726013183594e+01,2.000000000000000000e+01,3.467000000000000171e+01
1.398483037948608398e+01,2.000000000000000000e+01,3.467000000000000171e+01
1.498855495452880859e+01,2.000000000000000000e+01,3.503000000000000114e+01
1.598711657524108887e+01,2.000000000000000000e+01,3.507999999999999829e+01
1.697814440727233887e+01,2.000000000000000000e+01,3.515999999999999659e+01
1.797334837913513184e+01,2.000000000000000000e+01,3.517999999999999972e+01
1.897573947906494141e+01,2.000000000000000000e+01,3.557000000000000028e+01
1.997097778320312500e+01,2.000000000000000000e+01,3.564000000000000057e+01
2.096449565887451172e+01,2.000000000000000000e+01,3.577000000000000313e+01
2.196503067016601562e+01,2.000000000000000000e+01,3.603999999999999915e+01
2.296566271781921387e+01,2.000000000000000000e+01,3.613000000000000256e+01
2.396558833122253418e+01,2.000000000000000000e+01,3.645000000000000284e+01
2.496521162986755371e+01,2.000000000000000000e+01,3.661999999999999744e+01
2.597035026550292969e+01,2.000000000000000000e+01,3.661999999999999744e+01
2.696947526931762695e+01,2.000000000000000000e+01,3.700999999999999801e+01
2.797082662582397461e+01,2.000000000000000000e+01,3.710999999999999943e+01
2.897276687622070312e+01,2.000000000000000000e+01,3.747999999999999687e+01
2.997279524803161621e+01,2.000000000000000000e+01,3.757000000000000028e+01
3.097581911087036133e+01,2.000000000000000000e+01,3.764999999999999858e+01
3.197817420959472656e+01,2.000000000000000000e+01,3.799000000000000199e+01
3.297914552688598633e+01,2.000000000000000000e+01,3.809000000000000341e+01
3.397866964340209961e+01,2.000000000000000000e+01,3.847999999999999687e+01
3.498076128959655762e+01,2.000000000000000000e+01,3.857000000000000028e+01
3.598217844963073730e+01,2.000000000000000000e+01,3.878999999999999915e+01
3.698179650306701660e+01,2.000000000000000000e+01,3.903999999999999915e+01
3.798653554916381836e+01,2.000000000000000000e+01,3.909000000000000341e+01
3.898558783531188965e+01,2.000000000000000000e+01,3.947999999999999687e+01
3.998783349990844727e+01,2.000000000000000000e+01,3.954999999999999716e+01
4.098821234703063965e+01,2.000000000000000000e+01,3.996999999999999886e+01
4.199061822891235352e+01,2.000000000000000000e+01,4.003999999999999915e+01
4.298961544036865234e+01,2.000000000000000000e+01,4.032999999999999829e+01
4.399343037605285645e+01,2.000000000000000000e+01,4.050000000000000000e+01
4.499379920959472656e+01,2.000000000000000000e+01,4.082000000000000028e+01
4.599366068840026855e+01,2.000000000000000000e+01,4.096999999999999886e+01
4.699511027336120605e+01,2.000000000000000000e+01,4.102000000000000313e+01
4.799668979644775391e+01,2.000000000000000000e+01,4.140999999999999659e+01
4.899966526031494141e+01,2.000000000000000000e+01,4.150000000000000000e+01
4.999929475784301758e+01,2.000000000000000000e+01,4.193999999999999773e+01
5.100102877616882324e+01,2.000000000000000000e+01,4.199000000000000199e+01
5.200082778930664062e+01,2.000000000000000000e+01,4.242999999999999972e+01
5.300299620628356934e+01,2.000000000000000000e+01,4.247999999999999687e+01
5.400543856620788574e+01,2.000000000000000000e+01,4.286999999999999744e+01
5.499772953987121582e+01,2.000000000000000000e+01,4.296999999999999886e+01
5.598940205574035645e+01,2.000000000000000000e+01,4.328999999999999915e+01
5.698581933975219727e+01,2.000000000000000000e+01,4.342999999999999972e+01
5.799249815940856934e+01,2.000000000000000000e+01,4.363000000000000256e+01
5.898892235755920410e+01,2.000000000000000000e+01,4.386999999999999744e+01
5.998013067245483398e+01,2.000000000000000000e+01,4.396999999999999886e+01
6.098258090019226074e+01,2.000000000000000000e+01,4.431000000000000227e+01
6.198616528511047363e+01,2.000000000000000000e+01,4.442999999999999972e+01
6.298985767364501953e+01,2.000000000000000000e+01,4.485000000000000142e+01
6.399163913726806641e+01,2.000000000000000000e+01,4.492000000000000171e+01
6.499477505683898926e+01,2.000000000000000000e+01,4.528999999999999915e+01
6.599977684020996094e+01,2.000000000000000000e+01,4.539000000000000057e+01
6.699414372444152832e+01,2.000000000000000000e+01,4.564999999999999858e+01
6.800043320655822754e+01,2.000000000000000000e+01,4.585000000000000142e+01
6.899571490287780762e+01,2.000000000000000000e+01,4.592000000000000171e+01
6.999723935127258301e+01,2.000000000000000000e+01,4.631000000000000227e+01
7.099102830886840820e+01,2.000000000000000000e+01,4.639000000000000057e+01
7.198418998718261719e+01,2.000000000000000000e+01,4.678000000000000114e+01
7.298783421516418457e+01,2.000000000000000000e+01,4.685000000000000142e+01
7.398794412612915039e+01,2.000000000000000000e+01,4.692000000000000171e+01
7.499344778060913086e+01,2.000000000000000000e+01,4.731000000000000227e+01
7.599184203147888184e+01,2.000000000000000000e+01,4.735999999999999943e+01
7.699683141708374023e+01,2.000000000000000000e+01,4.778000000000000114e+01
7.799788403511047363e+01,2.000000000000000000e+01,4.785000000000000142e+01
7.899576115608215332e+01,2.000000000000000000e+01,4.817000000000000171e+01
7.999704766273498535e+01,2.000000000000000000e+01,4.828999999999999915e+01
8.099897813796997070e+01,2.000000000000000000e+01,4.834000000000000341e+01
8.199946355819702148e+01,2.000000000000000000e+01,4.878000000000000114e+01
8.300031542778015137e+01,2.000000000000000000e+01,4.882999999999999829e+01
8.400251102447509766e+01,2.000000000000000000e+01,4.924000000000000199e+01
8.499718523025512695e+01,2.000000000000000000e+01,4.932000000000000028e+01
8.599881076812744141e+01,2.000000000000000000e+01,4.939000000000000057e+01
8.700267910957336426e+01,2.000000000000000000e+01,4.972999999999999687e+01
8.800195384025573730e+01,2.000000000000000000e+01,4.979999999999999716e+01
8.900484061241149902e+01,2.000000000000000000e+01,5.021999999999999886e+01
9.000394773483276367e+01,2.000000000000000000e+01,5.028999999999999915e+01
9.100582885742187500e+01,2.000000000000000000e+01,5.063000000000000256e+01
9.200526022911071777e+01,2.000000000000000000e+01,5.071000000000000085e+01
9.300938248634338379e+01,2.000000000000000000e+01,5.078000000000000114e+01
9.400914764404296875e+01,2.000000000000000000e+01,5.121999999999999886e+01
9.500977802276611328e+01,2.000000000000000000e+01,5.127000000000000313e+01
9.601266527175903320e+01,2.000000000000000000e+01,5.160999999999999943e+01
9.701511979103088379e+01,2.000000000000000000e+01,5.172999999999999687e+01
9.801659727096557617e+01,2.000000000000000000e+01,5.181000000000000227e+01
9.901685047149658203e+01,2.000000000000000000e+01,5.214999999999999858e+01
1.000196404457092285e+02,2.000000000000000000e+01,5.225000000000000000e+01
1.010188298225402832e+02,2.000000000000000000e+01,5.249000000000000199e+01
1.020185606479644775e+02,2.000000000000000000e+01,5.265999999999999659e+01
1.030215804576873779e+02,2.000000000000000000e+01,5.272999999999999687e+01
1.040211255550384521e+02,2.000000000000000000e+01,5.307999999999999829e+01
1.050234730243682861e+02,2.000000000000000000e+01,5.321999999999999886e+01
1.060274477005004883e+02,2.000000000000000000e+01,5.329999999999999716e+01
1.070314984321594238e+02,2.000000000000000000e+01,5.364000000000000057e+01
1.080376505851745605e+02,2.000000000000000000e+01,5.371000000000000085e+01
1.090387098789215088e+02,2.000000000000000000e+01,5.385999999999999943e+01
1.100435431003570557e+02,2.000000000000000000e+01,5.404999999999999716e+01
1.110401043891906738e+02,2.000000000000000000e+01,5.420000000000000284e+01
1.120337903499603271e+02,2.000000000000000000e+01,5.459000000000000341e+01
1.130241284370422363e+02,2.000000000000000000e+01,5.464000000000000057e+01
1.140174701213836670e+02,2.000000000000000000e+01,5.468999999999999773e+01
1.150229928493499756e+02,2.000000000000000000e+01,5.500000000000000000e+01
1.160191919803619385e+02,2.000000000000000000e+01,5.514999999999999858e+01
1.170199346542358398e+02,2.000000000000000000e+01,5.517999999999999972e+01
1.180181977748870850e+02,2.000000000000000000e+01,5.561999999999999744e+01
1.190174653530120850e+02,2.000000000000000000e+01,5.564000000000000057e+01
1.200200350284576416e+02,2.000000000000000000e+01,5.590999999999999659e+01
1.210233924388885498e+02,2.000000000000000000e+01,5.610000000000000142e+01
1.220203156471252441e+02,2.000000000000000000e+01,5.614999999999999858e+01
1.230204465389251709e+02,2.000000000000000000e+01,5.649000000000000199e+01
1.240166556835174561e+02,2.000000000000000000e+01,5.659000000000000341e+01
1.250098044872283936e+02,2.000000000000000000e+01,5.664000000000000057e+01
1.260146393775939941e+02,2.000000000000000000e+01,5.707999999999999829e+01
1.270143194198608398e+02,2.000000000000000000e+01,5.713000000000000256e+01
1.280128252506256104e+02,2.000000000000000000e+01,5.725000000000000000e+01
1.290145051479339600e+02,2.000000000000000000e+01,5.752000000000000313e+01
1.300141754150390625e+02,2.000000000000000000e+01,5.761999999999999744e+01
1.310140683650970459e+02,2.000000000000000000e+01,5.785999999999999943e+01
1.320116262435913086e+02,2.000000000000000000e+01,5.800999999999999801e+01
1.330176093578338623e+02,2.000000000000000000e+01,5.810999999999999943e+01
1.340149269104003906e+02,2.000000000000000000e+01,5.850000000000000000e+01
1.350196316242218018e+02,2.000000000000000000e+01,5.853999999999999915e+01
1.360209717750549316e+02,2.000000000000000000e+01,5.859000000000000341e+01
1.370172255039215088e+02,2.000000000000000000e+01,5.893999999999999773e+01
1.380241894721984863e+02,2.000000000000000000e+01,5.893999999999999773e+01
1.390205061435699463e+02,2.000000000000000000e+01,5.907999999999999829e+01
1.400246956348419189e+02,2.000000000000000000e+01,5.950000000000000000e+01
1.410269908905029297e+02,2.000000000000000000e+01,5.952000000000000313e+01
1.420277781486511230e+02,2.000000000000000000e+01,5.957000000000000028e+01
1.430310611724853516e+02,2.000000000000000000e+01,6.000999999999999801e+01
1.440315902233123779e+02,2.000000000000000000e+01,6.003000000000000114e+01
1.450307965278625488e+02,2.000000000000000000e+01,6.006000000000000227e+01
1.460335321426391602e+02,2.000000000000000000e+01,6.039999999999999858e+01
1.470322780609130859e+02,2.000000000000000000e+01,6.042000000000000171e+01
1.480354213714599609e+02,2.000000000000000000e+01,6.052000000000000313e+01
1.490350537300109863e+02,2.000000000000000000e+01,6.077000000000000313e+01
1.500370304584503174e+02,2.000000000000000000e+01,6.093999999999999773e+01
1.510385601520538330e+02,2.000000000000000000e+01,6.103999999999999915e+01
1.520393254756927490e+02,2.000000000000000000e+01,6.121000000000000085e+01
1.530397021770477295e+02,2.000000000000000000e+01,6.145000000000000284e+01
1.540390987396240234e+02,2.000000000000000000e+01,6.152000000000000313e+01
1.550423133373260498e+02,2.000000000000000000e+01,6.152000000000000313e+01
1.560392858982086182e+02,2.000000000000000000e+01,6.196000000000000085e+01
1.570420858860015869e+02,2.000000000000000000e+01,6.190999999999999659e+01
1.580423843860626221e+02,2.000000000000000000e+01,6.200999999999999801e+01
1.590399420261383057e+02,2.000000000000000000e+01,6.228000000000000114e+01
1.600413630008697510e+02,2.000000000000000000e+01,6.239999999999999858e+01
1.610377287864685059e+02,2.000000000000000000e+01,6.250000000000000000e+01
1.620412037372589111e+02,2.000000000000000000e+01,6.254999999999999716e+01
1.630375318527221680e+02,2.000000000000000000e+01,6.284000000000000341e+01
1.640362174510955811e+02,2.000000000000000000e+01,6.293999999999999773e+01
1.650424575805664062e+02,2.000000000000000000e+01,6.299000000000000199e+01
1.660474274158477783e+02,2.000000000000000000e+01,6.339999999999999858e+01
1.670407974720001221e+02,2.000000000000000000e+01,6.342999999999999972e+01
1.680427651405334473e+02,2.000000000000000000e+01,6.347999999999999687e+01
1.690392198562622070e+02,2.000000000000000000e+01,6.353000000000000114e+01
1.700409343242645264e+02,2.000000000000000000e+01,6.392000000000000171e+01
1.710378017425537109e+02,2.000000000000000000e+01,6.393999999999999773e+01
1.720418443679809570e+02,2.000000000000000000e+01,6.396000000000000085e+01
1.730408265590667725e+02,2.000000000000000000e+01,6.432999999999999829e+01
1.740425975322723389e+02,2.000000000000000000e+01,6.440000000000000568e+01
1.750432968139648438e+02,2.000000000000000000e+01,6.445000000000000284e+01
1.760407097339630127e+02,2.000000000000000000e+01,6.462000000000000455e+01
1.770445914268493652e+02,2.000000000000000000e+01,6.487000000000000455e+01
1.780510077476501465e+02,2.000000000000000000e+01,6.492000000000000171e+01
1.790509152412414551e+02,2.000000000000000000e+01,6.504000000000000625e+01
1.800502009391784668e+02,2.000000000000000000e+01,6.537999999999999545e+01
1.810502538681030273e+02,2.000000000000000000e+01,6.540999999999999659e+01
1.820542657375335693e+02,2.000000000000000000e+01,6.543000000000000682e+01
1.830528960227966309e+02,2.000000000000000000e+01,6.570000000000000284e+01
1.840546030998229980e+02,2.000000000000000000e+01,6.584000000000000341e+01
1.850543742179870605e+02,2.000000000000000000e+01,6.592000000000000171e+01
1.860550487041473389e+02,2.000000000000000000e+01,6.596999999999999886e+01
1.870550301074981689e+02,2.000000000000000000e+01,6.628000000000000114e+01
1.880572347640991211e+02,2.000000000000000000e+01,6.631000000000000227e+01
1.890601825714111328e+02,2.000000000000000000e+01,6.640999999999999659e+01
1.900610458850860596e+02,2.000000000000000000e+01,6.679999999999999716e+01
1.910622119903564453e+02,2.000000000000000000e+01,6.684999999999999432e+01
1.920623588562011719e+02,2.000000000000000000e+01,6.684999999999999432e+01
1.930648596286773682e+02,2.000000000000000000e+01,6.689000000000000057e+01
1.940684084892272949e+02,2.000000000000000000e+01,6.726000000000000512e+01
1.950657267570495605e+02,2.000000000000000000e+01,6.732999999999999829e+01
1.960662095546722412e+02,2.000000000000000000e+01,6.737999999999999545e+01
1.970666563510894775e+02,2.000000000000000000e+01,6.748000000000000398e+01
1.980658662319183350e+02,2.000000000000000000e+01,6.779999999999999716e+01
1.990690872669219971e+02,2.000000000000000000e+01,6.779999999999999716e+01
2.000715641975402832e+02,2.000000000000000000e+01,6.787000000000000455e+01
2.010719416141510010e+02,2.000000000000000000e+01,6.792000000000000171e+01
2.020725443363189697e+02,2.000000000000000000e+01,6.820999999999999375e+01
2.030740649700164795e+02,2.000000000000000000e+01,6.831000000000000227e+01
2.040745873451232910e+02,2.000000000000000000e+01,6.835999999999999943e+01
2.050762581825256348e+02,2.000000000000000000e+01,6.835999999999999943e+01
2.060773136615753174e+02,2.000000000000000000e+01,6.875000000000000000e+01
2.070862925052642822e+02,2.000000000000000000e+01,6.875000000000000000e+01
2.080902070999145508e+02,2.000000000000000000e+01,6.881999999999999318e+01
2.090858240127563477e+02,2.000000000000000000e+01,6.884999999999999432e+01
2.100795753002166748e+02,2.000000000000000000e+01,6.926000000000000512e+01
2.110844080448150635e+02,2.000000000000000000e+01,6.923999999999999488e+01
2.120896754264831543e+02,2.000000000000000000e+01,6.934000000000000341e+01
2.130954580307006836e+02,2.000000000000000000e+01,6.935999999999999943e+01
2.140971586704254150e+02,2.000000000000000000e+01,6.975000000000000000e+01
2.150957398414611816e+02,2.000000000000000000e+01,6.968000000000000682e+01
2.160900089740753174e+02,2.000000000000000000e+01,6.981999999999999318e+01
2.170929081439971924e+02,2.000000000000000000e+01,6.984999999999999432e+01
2.180834822654724121e+02,2.000000000000000000e+01,7.012000000000000455e+01
2.190855405330657959e+02,2.000000000000000000e+01,7.023999999999999488e+01
2.200863699913024902e+02,2.000000000000000000e+01,7.029000000000000625e+01
2.210787196159362793e+02,2.000000000000000000e+01,7.031000000000000227e+01
2.220788421630859375e+02,2.000000000000000000e+01,7.043000000000000682e+01
2.230761973857879639e+02,2.000000000000000000e+01,7.062999999999999545e+01
2.240778856277465820e+02,2.000000000000000000e+01,7.075000000000000000e+01
2.250773890018463135e+02,2.000000000000000000e+01,7.079999999999999716e+01
2.260768308639526367e+02,2.000000000000000000e+01,7.082999999999999829e+01
2.270786490440368652e+02,2.000000000000000000e+01,7.109000000000000341e+01
2.280844483375549316e+02,2.000000000000000000e+01,7.123999999999999488e+01
2.290793612003326416e+02,2.000000000000000000e+01,7.118999999999999773e+01
2.300774610042572021e+02,2.000000000000000000e+01,7.129000000000000625e+01
2.310812628269195557e+02,2.000000000000000000e+01,7.151000000000000512e+01
2.320820636749267578e+02,2.000000000000000000e+01,7.170000000000000284e+01
2.330883111953735352e+02,2.000000000000000000e+01,7.175000000000000000e+01
2.340869677066802979e+02,2.000000000000000000e+01,7.178000000000000114e+01
2.350853321552276611e+02,2.000000000000000000e+01,7.182999999999999829e+01
2.360821578502655029e+02,2.000000000000000000e+01,7.218999999999999773e+01
2.370735626220703125e+02,2.000000000000000000e+01,7.212000000000000455e+01
2.380757749080657959e+02,2.000000000000000000e+01,7.223999999999999488e+01
2.390800952911376953e+02,2.000000000000000000e+01,7.226999999999999602e+01
2.400797028541564941e+02,2.000000000000000000e+01,7.239000000000000057e+01
2.410822782516479492e+02,2.000000000000000000e+01,7.268000000000000682e+01
2.420786888599395752e+02,2.000000000000000000e+01,7.265999999999999659e+01
2.430819237232208252e+02,2.000000000000000000e+01,7.275000000000000000e+01
2.440826969146728516e+02,2.000000000000000000e+01,7.275000000000000000e+01
2.450860774517059326e+02,2.000000000000000000e+01,7.301999999999999602e+01
2.460853345394134521e+02,2.000000000000000000e+01,7.317000000000000171e+01
2.470877606868743896e+02,2.000000000000000000e+01,7.317000000000000171e+01
2.480871975421905518e+02,2.000000000000000000e+01,7.321999999999999886e+01
2.490879218578338623e+02,2.000000000000000000e+01,7.323999999999999488e+01
2.500886299610137939e+02,2.000000000000000000e+01,7.365999999999999659e+01
2.510919923782348633e+02,2.000000000000000000e+01,7.368000000000000682e+01
2.520919618606567383e+02,2.000000000000000000e+01,7.368000000000000682e+01
2.530931613445281982e+02,2.000000000000000000e+01,7.373000000000000398e+01
2.540931735038757324e+02,2.000000000000000000e+01,7.379999999999999716e+01
2.550937042236328125e+02,2.000000000000000000e+01,7.415000000000000568e+01
2.560946907997131348e+02,2.000000000000000000e+01,7.415000000000000568e+01
2.570969378948211670e+02,2.000000000000000000e+01,7.418999999999999773e+01
2.580977728366851807e+02,2.000000000000000000e+01,7.421999999999999886e+01
2.590968458652496338e+02,2.000000000000000000e+01,7.423999999999999488e+01
2.600992186069488525e+02,2.000000000000000000e+01,7.465999999999999659e+01
2.611031265258789062e+02,2.000000000000000000e+01,7.462999999999999545e+01
2.621053724288940430e+02,2.000000000000000000e+01,7.468000000000000682e+01
2.631037874221801758e+02,2.000000000000000000e+01,7.470999999999999375e+01
2.641071560382843018e+02,2.000000000000000000e+01,7.478000000000000114e+01
2.651106517314910889e+02,2.000000000000000000e+01,7.512000000000000455e+01
2.661018993854522705e+02,2.000000000000000000e+01,7.515000000000000568e+01
2.671062090396881104e+02,2.000000000000000000e+01,7.515000000000000568e+01
2.681079146862030029e+02,2.000000000000000000e+01,7.520000000000000284e+01
2.691042544841766357e+02,2.000000000000000000e+01,7.520000000000000284e+01
2.701002311706542969e+02,2.000000000000000000e+01,7.559000000000000341e+01
2.710937769412994385e+02,2.000000000000000000e+01,7.559000000000000341e+01
2.720887362957000732e+02,2.000000000000000000e+01,7.560999999999999943e+01
2.730906507968902588e+02,2.000000000000000000e+01,7.568000000000000682e+01
2.740931077003479004e+02,2.000000000000000000e+01,7.568000000000000682e+01
2.750947566032409668e+02,2.000000000000000000e+01,7.576000000000000512e+01
2.760951321125030518e+02,2.000000000000000000e+01,7.604999999999999716e+01
2.770980389118194580e+02,2.000000000000000000e+01,7.603000000000000114e+01
2.780951502323150635e+02,2.000000000000000000e+01,7.609999999999999432e+01
2.790976293087005615e+02,2.000000000000000000e+01,7.617000000000000171e+01
2.800995464324951172e+02,2.000000000000000000e+01,7.620000000000000284e+01
2.810998258590698242e+02,2.000000000000000000e+01,7.651000000000000512e+01
2.821032881736755371e+02,2.000000000000000000e+01,7.654000000000000625e+01
2.831004254817962646e+02,2.000000000000000000e+01,7.659000000000000341e+01
2.841008734703063965e+02,2.000000000000000000e+01,7.665999999999999659e+01
2.851030027866363525e+02,2.000000000000000000e+01,7.668000000000000682e+01
2.861059553623199463e+02,2.000000000000000000e+01,7.695000000000000284e+01
2.871044929027557373e+02,2.000000000000000000e+01,7.709999999999999432e+01
2.881059610843658447e+02,2.000000000000000000e+01,7.707999999999999829e+01
2.891085665225982666e+02,2.000000000000000000e+01,7.709999999999999432e+01
2.901101436614990234e+02,2.000000000000000000e+01,7.715000000000000568e+01
2.911142978668212891e+02,2.000000000000000000e+01,7.715000000000000568e+01
2.921114237308502197e+02,2.000000000000000000e+01,7.746999999999999886e+01
2.931123006343841553e+02,2.000000000000000000e+01,7.751000000000000512e+01
2.941137349605560303e+02,2.000000000000000000e+01,7.759000000000000341e+01
2.951141209602355957e+02,2.000000000000000000e+01,7.760999999999999943e+01
2.961198384761810303e+02,2.000000000000000000e+01,7.760999999999999943e+01
2.971190791130065918e+02,2.000000000000000000e+01,7.764000000000000057e+01
2.981197144985198975e+02,2.000000000000000000e+01,7.778000000000000114e+01
2.991207466125488281e+02,2.000000000000000000e+01,7.800000000000000000e+01
3.001233937740325928e+02,2.000000000000000000e+01,7.798000000000000398e+01
3.011261687278747559e+02,2.000000000000000000e+01,7.807999999999999829e+01
3.021247117519378662e+02,2.000000000000000000e+01,7.800000000000000000e+01
3.031251549720764160e+02,2.000000000000000000e+01,7.812999999999999545e+01
3.041263880729675293e+02,2.000000000000000000e+01,7.812999999999999545e+01
3.051280915737152100e+02,2.000000000000000000e+01,7.812999999999999545e+01
3.061311347484588623e+02,2.000000000000000000e+01,7.815000000000000568e+01
3.071303930282592773e+02,2.000000000000000000e+01,7.829999999999999716e+01
3.081324176788330078e+02,2.000000000000000000e+01,7.854000000000000625e+01
3.091321697235107422e+02,2.000000000000000000e+01,7.854000000000000625e+01
3.101336586475372314e+02,2.000000000000000000e+01,7.846999999999999886e+01
3.111266927719116211e+02,2.000000000000000000e+01,7.860999999999999943e+01
3.121208970546722412e+02,2.000000000000000000e+01,7.860999999999999943e+01
3.131175603866577148e+02,2.000000000000000000e+01,7.860999999999999943e+01
3.141232337951660156e+02,2.000000000000000000e+01,7.870999999999999375e+01
3.151165788173675537e+02,2.000000000000000000e+01,7.890999999999999659e+01
3.161109404563903809e+02,2.000000000000000000e+01,7.903000000000000114e+01
3.171103773117065430e+02,2.000000000000000000e+01,7.904999999999999716e+01
3.181031308174133301e+02,2.000000000000000000e+01,7.907999999999999829e+01
3.190946271419525146e+02,2.000000000000000000e+01,7.909999999999999432e+01
3.200975708961486816e+02,2.000000000000000000e+01,7.921999999999999886e+01
3.210930557250976562e+02,2.000000000000000000e+01,7.946999999999999886e+01
3.220952706336975098e+02,2.000000000000000000e+01,7.951999999999999602e+01
3.230966706275939941e+02,2.000000000000000000e+01,7.954000000000000625e+01
3.241017653942108154e+02,2.000000000000000000e+01,7.956999999999999318e+01
3.251028363704681396e+02,2.000000000000000000e+01,7.959000000000000341e+01
3.261014938354492188e+02,2.000000000000000000e+01,7.973999999999999488e+01
3.271027193069458008e+02,2.000000000000000000e+01,7.990999999999999659e+01
3.281036257743835449e+02,2.000000000000000000e+01,7.998000000000000398e+01
3.291039278507232666e+02,2.000000000000000000e+01,7.995999999999999375e+01
3.301093809604644775e+02,2.000000000000000000e+01,8.004999999999999716e+01
3.311084721088409424e+02,2.000000000000000000e+01,8.007999999999999829e+01
3.321106615066528320e+02,2.000000000000000000e+01,8.018000000000000682e+01
3.331129426956176758e+02,2.000000000000000000e+01,8.040000000000000568e+01
3.341113505363464355e+02,2.000000000000000000e+01,8.051999999999999602e+01
3.351165580749511719e+02,2.000000000000000000e+01,8.046999999999999886e+01
3.361190972328186035e+02,2.000000000000000000e+01,8.056999999999999318e+01
3.371202144622802734e+02,2.000000000000000000e+01,8.056999999999999318e+01
3.381205565929412842e+02,2.000000000000000000e+01,8.056999999999999318e+01
3.391234152317047119e+02,2.000000000000000000e+01,8.073999999999999488e+01
3.401203784942626953e+02,2.000000000000000000e+01,8.087999999999999545e+01
3.411229412555694580e+02,2.000000000000000000e+01,8.098000000000000398e+01
3.421266090869903564e+02,2.000000000000000000e+01,8.093000000000000682e+01
3.431259737014770508e+02,2.000000000000000000e+01,8.101000000000000512e+01
3.441254127025604248e+02,2.000000000000000000e+01,8.103000000000000114e+01
3.451284990310668945e+02,2.000000000000000000e+01,8.104999999999999716e+01
3.461277687549591064e+02,2.000000000000000000e+01,8.109999999999999432e+01
3.471279828548431396e+02,2.000000000000000000e+01,8.137000000000000455e+01
3.481310276985168457e+02,2.000000000000000000e+01,8.145000000000000284e+01
3.491311402320861816e+02,2.000000000000000000e+01,8.148999999999999488e+01
3.501349270343780518e+02,2.000000000000000000e+01,8.146999999999999886e+01
3.511366951465606689e+02,2.000000000000000000e+01,8.151999999999999602e+01
3.521368730068206787e+02,2.000000000000000000e+01,8.151999999999999602e+01
3.531367185115814209e+02,2.000000000000000000e+01,8.154000000000000625e+01
3.541337482929229736e+02,2.000000000000000000e+01,8.162000000000000455e+01
3.551386477947235107e+02,2.000000000000000000e+01,8.176000000000000512e+01
3.561401238441467285e+02,2.000000000000000000e+01,8.198000000000000398e+01
3.571348614692687988e+02,2.000000000000000000e+01,8.190999999999999659e+01
3.581327311992645264e+02,2.000000000000000000e+01,8.187999999999999545e+01
3.591358704566955566e+02,2.000000000000000000e+01,8.203000000000000114e+01
3.601386456489562988e+02,2.000000000000000000e+01,8.201000000000000512e+01
3.611425113677978516e+02,2.000000000000000000e+01,8.203000000000000114e+01
3.621432659626007080e+02,2.000000000000000000e+01,8.206000000000000227e+01
3.631457145214080811e+02,2.000000000000000000e+01,8.218000000000000682e+01
3.641480782032012939e+02,2.000000000000000000e+01,8.231999999999999318e+01
3.651466124057769775e+02,2.000000000000000000e+01,8.242000000000000171e+01
3.661492996215820312e+02,2.000000000000000000e+01,8.245000000000000284e+01
3.671467938423156738e+02,2.000000000000000000e+01,8.242000000000000171e+01
3.681507565975189209e+02,2.000000000000000000e+01,8.246999999999999886e+01
3.691502654552459717e+02,2.000000000000000000e+01,8.246999999999999886e+01
3.701526904106140137e+02,2.000000000000000000e+01,8.251999999999999602e+01
3.711478087902069092e+02,2.000000000000000000e+01,8.251999999999999602e+01
3.721495285034179688e+02,2.000000000000000000e+01,8.268999999999999773e+01
3.731520254611968994e+02,2.000000000000000000e+01,8.285999999999999943e+01
3.741526749134063721e+02,2.000000000000000000e+01,8.289000000000000057e+01
3.751555280685424805e+02,2.000000000000000000e+01,8.295999999999999375e+01
3.761575865745544434e+02,2.000000000000000000e+01,8.293000000000000682e+01
3.771585593223571777e+02,2.000000000000000000e+01,8.298000000000000398e+01
3.781589758396148682e+02,2.000000000000000000e+01,8.298000000000000398e+01
3.791604273319244385e+02,2.000000000000000000e+01,8.301000000000000512e+01
3.801580805778503418e+02,2.000000000000000000e+01,8.303000000000000114e+01
3.811625137329101562e+02,2.000000000000000000e+01,8.320000000000000284e+01
3.821599054336547852e+02,2.000000000000000000e+01,8.334999999999999432e+01
3.831510505676269531e+02,2.000000000000000000e+01,8.342000000000000171e+01
3.841536920070648193e+02,2.000000000000000000e+01,8.342000000000000171e+01
3.851496174335479736e+02,2.000000000000000000e+01,8.346999999999999886e+01
3.861507544517517090e+02,2.000000000000000000e+01,8.350000000000000000e+01
3.871547832489013672e+02,2.000000000000000000e+01,8.350000000000000000e+01
3.881574800014495850e+02,2.000000000000000000e+01,8.350000000000000000e+01
3.891529564857482910e+02,2.000000000000000000e+01,8.367000000000000171e+01
3.901544878482818604e+02,2.000000000000000000e+01,8.367000000000000171e+01
3.911585085391998291e+02,2.000000000000000000e+01,8.385999999999999943e+01
3.921589102745056152e+02,2.000000000000000000e+01,8.393999999999999773e+01
3.931595945358276367e+02,2.000000000000000000e+01,8.385999999999999943e+01
3.941621780395507812e+02,2.000000000000000000e+01,8.390999999999999659e+01
3.951636347770690918e+02,2.000000000000000000e+01,8.398000000000000398e+01
3.961626636981964111e+02,2.000000000000000000e+01,8.398000000000000398e+01
3.971549022197723389e+02,2.000000000000000000e+01,8.398000000000000398e+01
3.981512546539306641e+02,2.000000000000000000e+01,8.406000000000000227e+01
3.991522834300994873e+02,2.000000000000000000e+01,8.425000000000000000e+01
4.001523144245147705e+02,2.000000000000000000e+01,8.432999999999999829e+01
4.011541962623596191e+02,2.000000000000000000e+01,8.437999999999999545e+01
4.021545372009277344e+02,2.000000000000000000e+01,8.440000000000000568e+01
4.031555006504058838e+02,2.000000000000000000e+01,8.440000000000000568e+01
4.041561286449432373e+02,2.000000000000000000e+01,8.440000000000000568e+01
4.051542356014251709e+02,2.000000000000000000e+01,8.442000000000000171e+01
4.061522927284240723e+02,2.000000000000000000e+01,8.445000000000000284e+01
4.071563277244567871e+02,2.000000000000000000e+01,8.446999999999999886e+01
4.081539087295532227e+02,2.000000000000000000e+01,8.462000000000000455e+01
4.091497225761413574e+02,2.000000000000000000e+01,8.462000000000000455e+01
4.101463663578033447e+02,2.000000000000000000e+01,8.490999999999999659e+01
4.111402316093444824e+02,2.000000000000000000e+01,8.485999999999999943e+01
4.121436746120452881e+02,2.000000000000000000e+01,8.490999999999999659e+01
4.131431777477264404e+02,2.000000000000000000e+01,8.489000000000000057e+01
4.141338069438934326e+02,2.000000000000000000e+01,8.490999999999999659e+01
4.151313016414642334e+02,2.000000000000000000e+01,8.495999999999999375e+01
4.161346447467803955e+02,2.000000000000000000e+01,8.495999999999999375e+01
4.171315975189208984e+02,2.000000000000000000e+01,8.495999999999999375e+01
4.181221227645874023e+02,2.000000000000000000e+01,8.510999999999999943e+01
4.191188547611236572e+02,2.000000000000000000e+01,8.529999999999999716e+01
4.201218817234039307e+02,2.000000000000000000e+01,8.540000000000000568e+01
4.211233055591583252e+02,2.000000000000000000e+01,8.537999999999999545e+01
4.221144554615020752e+02,2.000000000000000000e+01,8.529999999999999716e+01
4.231112310886383057e+02,2.000000000000000000e+01,8.542000000000000171e+01
4.241099462509155273e+02,2.000000000000000000e+01,8.540000000000000568e+01
4.251130168437957764e+02,2.000000000000000000e+01,8.545000000000000284e+01
4.261147756576538086e+02,2.000000000000000000e+01,8.542000000000000171e+01
4.271126666069030762e+02,2.000000000000000000e+01,8.545000000000000284e+01
4.281141915321350098e+02,2.000000000000000000e+01,8.546999999999999886e+01
4.291183807849884033e+02,2.000000000000000000e+01,8.554999999999999716e+01
4.301209561824798584e+02,2.000000000000000000e+01,8.567000000000000171e+01
4.311202373504638672e+02,2.000000000000000000e+01,8.573999999999999488e+01
4.321177325248718262e+02,2.000000000000000000e+01,8.579000000000000625e+01
4.331219010353088379e+02,2.000000000000000000e+01,8.589000000000000057e+01
4.341225249767303467e+02,2.000000000000000000e+01,8.589000000000000057e+01
4.351265854835510254e+02,2.000000000000000000e+01,8.585999999999999943e+01
4.361263225078582764e+02,2.000000000000000000e+01,8.585999999999999943e+01
4.371251533031463623e+02,2.000000000000000000e+01,8.590999999999999659e+01
4.381283378601074219e+02,2.000000000000000000e+01,8.585999999999999943e+01
4.391288378238677979e+02,2.000000000000000000e+01,8.593999999999999773e+01
4.401319727897644043e+02,2.000000000000000000e+01,8.593999999999999773e+01
4.411368505954742432e+02,2.000000000000000000e+01,8.593999999999999773e+01
4.421331136226654053e+02,2.000000000000000000e+01,8.593999999999999773e+01
4.431344919204711914e+02,2.000000000000000000e+01,8.601000000000000512e+01
4.441366312503814697e+02,2.000000000000000000e+01,8.615999999999999659e+01
4.451368136405944824e+02,2.000000000000000000e+01,8.623000000000000398e+01
4.461365725994110107e+02,2.000000000000000000e+01,8.634999999999999432e+01
4.471395430564880371e+02,2.000000000000000000e+01,8.634999999999999432e+01
4.481407268047332764e+02,2.000000000000000000e+01,8.628000000000000114e+01
4.491422095298767090e+02,2.000000000000000000e+01,8.634999999999999432e+01
4.501417045593261719e+02,2.000000000000000000e+01,8.637999999999999545e+01
4.511457669734954834e+02,2.000000000000000000e+01,8.634999999999999432e+01
4.521410648822784424e+02,2.000000000000000000e+01,8.640000000000000568e+01
4.531339006423950195e+02,2.000000000000000000e+01,8.637999999999999545e+01
4.541376440525054932e+02,2.000000000000000000e+01,8.637999999999999545e+01
4.551395883560180664e+02,2.000000000000000000e+01,8.643000000000000682e+01
4.561309316158294678e+02,2.000000000000000000e+01,8.643000000000000682e+01
4.571285345554351807e+02,2.000000000000000000e+01,8.643000000000000682e+01
4.581320741176605225e+02,2.000000000000000000e+01,8.646999999999999886e+01
4.591298673152923584e+02,2.000000000000000000e+01,8.651999999999999602e+01
4.601329481601715088e+02,2.000000000000000000e+01,8.671999999999999886e+01
4.611333839893341064e+02,2.000000000000000000e+01,8.679000000000000625e+01
4.621367084980010986e+02,2.000000000000000000e+01,8.687000000000000455e+01
4.631413671970367432e+02,2.000000000000000000e+01,8.681999999999999318e+01
4.641397931575775146e+02,2.000000000000000000e+01,8.687000000000000455e+01
4.651390614509582520e+02,2.000000000000000000e+01,8.684000000000000341e+01
4.661417589187622070e+02,2.000000000000000000e+01,8.690999999999999659e+01
4.671420655250549316e+02,2.000000000000000000e+01,8.690999999999999659e+01
4.681455521583557129e+02,2.000000000000000000e+01,8.690999999999999659e+01
4.691478126049041748e+02,2.000000000000000000e+01,8.704000000000000625e+01
4.701498823165893555e+02,2.000000000000000000e+01,8.718000000000000682e+01
4.711509320735931396e+02,2.000000000000000000e+01,8.728000000000000114e+01
4.721509244441986084e+02,2.000000000000000000e+01,8.734999999999999432e+01
4.731531517505645752e+02,2.000000000000000000e+01,8.732999999999999829e+01
4.741537582874298096e+02,2.000000000000000000e+01,8.734999999999999432e+01
4.751526787281036377e+02,2.000000000000000000e+01,8.732999999999999829e+01
4.761581473350524902e+02,2.000000000000000000e+01,8.732999999999999829e+01
4.771566045284271240e+02,2.000000000000000000e+01,8.740000000000000568e+01
4.781594820022583008e+02,2.000000000000000000e+01,8.740000000000000568e+01
4.791600229740142822e+02,2.000000000000000000e+01,8.740000000000000568e+01
4.801614928245544434e+02,2.000000000000000000e+01,8.762000000000000455e+01
4.811638574600219727e+02,2.000000000000000000e+01,8.773999999999999488e+01
4.821641399860382080e+02,2.000000000000000000e+01,8.784000000000000341e+01
4.831683914661407471e+02,2.000000000000000000e+01,8.779000000000000625e+01
4.841685841083526611e+02,2.000000000000000000e+01,8.779000000000000625e+01
4.851678931713104248e+02,2.000000000000000000e+01,8.784000000000000341e+01
4.861717822551727295e+02,2.000000000000000000e+01,8.781999999999999318e+01
4.871694049835205078e+02,2.000000000000000000e+01,8.789000000000000057e+01
4.881742753982543945e+02,2.000000000000000000e+01,8.789000000000000057e+01
4.891750400066375732e+02,2.000000000000000000e+01,8.789000000000000057e+01
4.901685023307800293e+02,2.000000000000000000e+01,8.792000000000000171e+01
4.911750376224517822e+02,2.000000000000000000e+01,8.809000000000000341e+01
4.921747372150421143e+02,2.000000000000000000e+01,8.820999999999999375e+01
4.931757569313049316e+02,2.000000000000000000e+01,8.828000000000000114e+01
4.941714260578155518e+02,2.000000000000000000e+01,8.831000000000000227e+01
4.951672666072845459e+02,2.000000000000000000e+01,8.831000000000000227e+01
4.961633882522583008e+02,2.000000000000000000e+01,8.832999999999999829e+01
4.971566765308380127e+02,2.000000000000000000e+01,8.831000000000000227e+01
4.981595692634582520e+02,2.000000000000000000e+01,8.837999999999999545e+01
4.991606698036193848e+02,2.000000000000000000e+01,8.837999999999999545e+01
5.001553444862365723e+02,2.000000000000000000e+01,8.837999999999999545e+01
5.011473073959350586e+02,2.000000000000000000e+01,8.840000000000000568e+01
5.021497733592987061e+02,2.000000000000000000e+01,8.840000000000000568e+01
5.031494443416595459e+02,2.000000000000000000e+01,8.843000000000000682e+01
5.041544556617736816e+02,2.000000000000000000e+01,8.871999999999999886e+01
5.051559338569641113e+02,2.000000000000000000e+01,8.876999999999999602e+01
5.061581299304962158e+02,2.000000000000000000e+01,8.875000000000000000e+01
5.071589999198913574e+02,2.000000000000000000e+01,8.879000000000000625e+01
5.081564583778381348e+02,2.000000000000000000e+01,8.879000000000000625e+01
5.091587409973144531e+02,2.000000000000000000e+01,8.881999999999999318e+01
5.101612854003906250e+02,2.000000000000000000e+01,8.881999999999999318e+01
5.111616573333740234e+02,2.000000000000000000e+01,8.881999999999999318e+01
5.121625504493713379e+02,2.000000000000000000e+01,8.879000000000000625e+01
5.131634459495544434e+02,2.000000000000000000e+01,8.887000000000000455e+01
5.141626093387603760e+02,2.000000000000000000e+01,8.884000000000000341e+01
5.151670835018157959e+02,2.000000000000000000e+01,8.887000000000000455e+01
5.161691560745239258e+02,2.000000000000000000e+01,8.887000000000000455e+01
5.171698727607727051e+02,2.000000000000000000e+01,8.892000000000000171e+01
5.181684765815734863e+02,2.000000000000000000e+01,8.915999999999999659e+01
5.191728675365447998e+02,2.000000000000000000e+01,8.928000000000000114e+01
5.201743013858795166e+02,2.000000000000000000e+01,8.931000000000000227e+01
5.211729872226715088e+02,2.000000000000000000e+01,8.931000000000000227e+01
5.221631867885589600e+02,2.000000000000000000e+01,8.931000000000000227e+01
5.231634035110473633e+02,2.000000000000000000e+01,8.931000000000000227e+01
5.241629219055175781e+02,2.000000000000000000e+01,8.935999999999999943e+01
5.251642866134643555e+02,2.000000000000000000e+01,8.932999999999999829e+01
5.261684169769287109e+02,2.000000000000000000e+01,8.935999999999999943e+01
5.271652839183807373e+02,2.000000000000000000e+01,8.935999999999999943e+01
5.281694471836090088e+02,2.000000000000000000e+01,8.935999999999999943e+01
5.291683738231658936e+02,2.000000000000000000e+01,8.935999999999999943e+01
5.301699008941650391e+02,2.000000000000000000e+01,8.935999999999999943e+01
5.311713650226593018e+02,2.000000000000000000e+01,8.937999999999999545e+01
5.321729629039764404e+02,2.000000000000000000e+01,8.948000000000000398e+01
5.331744830608367920e+02,2.000000000000000000e+01,8.962000000000000455e+01
5.341743319034576416e+02,2.000000000000000000e+01,8.962000000000000455e+01
5.351742861270904541e+02,2.000000000000000000e+01,8.954999999999999716e+01
5.361777856349945068e+02,2.000000000000000000e+01,8.975000000000000000e+01
5.371777076721191406e+02,2.000000000000000000e+01,8.975000000000000000e+01
5.381793813705444336e+02,2.000000000000000000e+01,8.970000000000000284e+01
5.391794483661651611e+02,2.000000000000000000e+01,8.979000000000000625e+01
5.401718947887420654e+02,2.000000000000000000e+01,8.971999999999999886e+01
5.411643607616424561e+02,2.000000000000000000e+01,8.979000000000000625e+01
5.421619334220886230e+02,2.000000000000000000e+01,8.976999999999999602e+01
5.431620576381683350e+02,2.000000000000000000e+01,8.979000000000000625e+01
5.441566874980926514e+02,2.000000000000000000e+01,8.984000000000000341e+01
5.451519551277160645e+02,2.000000000000000000e+01,8.984000000000000341e+01
5.461490104198455811e+02,2.000000000000000000e+01,8.981999999999999318e+01
5.471468749046325684e+02,2.000000000000000000e+01,8.984000000000000341e+01
5.481505253314971924e+02,2.000000000000000000e+01,8.984000000000000341e+01
5.491549811363220215e+02,2.000000000000000000e+01,8.984000000000000341e+01
5.501564054489135742e+02,2.000000000000000000e+01,8.987000000000000455e+01
5.511602923870086670e+02,2.000000000000000000e+01,8.996999999999999886e+01
5.521574997901916504e+02,2.000000000000000000e+01,9.001000000000000512e+01
5.531561474800109863e+02,2.000000000000000000e+01,9.014000000000000057e+01
5.541610350608825684e+02,2.000000000000000000e+01,9.018999999999999773e+01
5.551603937149047852e+02,2.000000000000000000e+01,9.018999999999999773e+01
5.561635251045227051e+02,2.000000000000000000e+01,9.028000000000000114e+01
5.571617245674133301e+02,2.000000000000000000e+01,9.020999999999999375e+01
5.581661314964294434e+02,2.000000000000000000e+01,9.018999999999999773e+01
5.591678292751312256e+02,2.000000000000000000e+01,9.026000000000000512e+01
5.601684195995330811e+02,2.000000000000000000e+01,9.028000000000000114e+01
5.611672997474670410e+02,2.000000000000000000e+01,9.028000000000000114e+01
5.621712126731872559e+02,2.000000000000000000e+01,9.026000000000000512e+01
5.631725966930389404e+02,2.000000000000000000e+01,9.023000000000000398e+01
5.641707866191864014e+02,2.000000000000000000e+01,9.026000000000000512e+01
5.651620092391967773e+02,2.000000000000000000e+01,9.026000000000000512e+01
5.661581914424896240e+02,2.000000000000000000e+01,9.031000000000000227e+01
5.671610953807830811e+02,2.000000000000000000e+01,9.032999999999999829e+01
5.681619048118591309e+02,2.000000000000000000e+01,9.032999999999999829e+01
5.691623141765594482e+02,2.000000000000000000e+01,9.031000000000000227e+01
5.701638052463531494e+02,2.000000000000000000e+01,9.032999999999999829e+01
5.711648836135864258e+02,2.000000000000000000e+01,9.032999999999999829e+01
5.721616294384002686e+02,2.000000000000000000e+01,9.037999999999999545e+01
5.731652016639709473e+02,2.000000000000000000e+01,9.040999999999999659e+01
5.741660397052764893e+02,2.000000000000000000e+01,9.059999999999999432e+01
5.751685700416564941e+02,2.000000000000000000e+01,9.070000000000000284e+01
5.761668009757995605e+02,2.000000000000000000e+01,9.075000000000000000e+01
5.771714353561401367e+02,2.000000000000000000e+01,9.075000000000000000e+01
5.781715896129608154e+02,2.000000000000000000e+01,9.071999999999999886e+01
5.791726014614105225e+02,2.000000000000000000e+01,9.081999999999999318e+01
5.801740581989288330e+02,2.000000000000000000e+01,9.079999999999999716e+01
5.811746220588684082e+02,2.000000000000000000e+01,9.081999999999999318e+01
5.821780984401702881e+02,2.000000000000000000e+01,9.081999999999999318e+01
5.831787688732147217e+02,2.000000000000000000e+01,9.081999999999999318e+01
5.841810455322265625e+02,2.000000000000000000e+01,9.081999999999999318e+01
5.851797807216644287e+02,2.000000000000000000e+01,9.081999999999999318e+01
5.861822831630706787e+02,2.000000000000000000e+01,9.093999999999999773e+01
5.871815114021301270e+02,2.000000000000000000e+01,9.101999999999999602e+01
5.881817193031311035e+02,2.000000000000000000e+01,9.104000000000000625e+01
5.891722919940948486e+02,2.000000000000000000e+01,9.114000000000000057e+01
5.901709909439086914e+02,2.000000000000000000e+01,9.114000000000000057e+01
5.911667916774749756e+02,2.000000000000000000e+01,9.123999999999999488e+01
5.921608574390411377e+02,2.000000000000000000e+01,9.120999999999999375e+01
5.931613442897796631e+02,2.000000000000000000e+01,9.120999999999999375e+01
5.941628384590148926e+02,2.000000000000000000e+01,9.126000000000000512e+01
5.951632115840911865e+02,2.000000000000000000e+01,9.126000000000000512e+01
5.961543576717376709e+02,2.000000000000000000e+01,9.126000000000000512e+01
5.971517293453216553e+02,2.000000000000000000e+01,9.123999999999999488e+01
5.981560366153717041e+02,2.000000000000000000e+01,9.126000000000000512e+01
5.991574399471282959e+02,2.000000000000000000e+01,9.126000000000000512e+01
6.001573967933654785e+02,2.000000000000000000e+01,9.126000000000000512e+01
6.011602225303649902e+02,2.000000000000000000e+01,9.128000000000000114e+01
6.021610374450683594e+02,2.000000000000000000e+01,9.126000000000000512e+01
6.031615109443664551e+02,2.000000000000000000e+01,9.131000000000000227e+01
6.041644575595855713e+02,2.000000000000000000e+01,9.131000000000000227e+01
6.051647806167602539e+02,2.000000000000000000e+01,9.131000000000000227e+01
6.061627624034881592e+02,2.000000000000000000e+01,9.131000000000000227e+01
6.071646764278411865e+02,2.000000000000000000e+01,9.131000000000000227e+01
6.081549212932586670e+02,2.000000000000000000e+01,9.132999999999999829e+01
6.091522052288055420e+02,2.000000000000000000e+01,9.137999999999999545e+01
6.101542744636535645e+02,2.000000000000000000e+01,9.145999999999999375e+01
6.111563813686370850e+02,2.000000000000000000e+01,9.159999999999999432e+01
6.121574943065643311e+02,2.000000000000000000e+01,9.167000000000000171e+01
6.131564414501190186e+02,2.000000000000000000e+01,9.170000000000000284e+01
6.141578295230865479e+02,2.000000000000000000e+01,9.171999999999999886e+01
6.151574971675872803e+02,2.000000000000000000e+01,9.175000000000000000e+01
6.161622760295867920e+02,2.000000000000000000e+01,9.170000000000000284e+01
6.171607604026794434e+02,2.000000000000000000e+01,9.165000000000000568e+01
6.181655018329620361e+02,2.000000000000000000e+01,9.175000000000000000e+01
6.191648807525634766e+02,2.000000000000000000e+01,9.175000000000000000e+01
6.201660206317901611e+02,2.000000000000000000e+01,9.171999999999999886e+01
6.211680843830108643e+02,2.000000000000000000e+01,9.170000000000000284e+01
6.221681492328643799e+02,2.000000000000000000e+01,9.170000000000000284e+01
6.231691186428070068e+02,2.000000000000000000e+01,9.171999999999999886e+01
6.241728105545043945e+02,2.000000000000000000e+01,9.175000000000000000e+01
6.251713192462921143e+02,2.000000000000000000e+01,9.179999999999999716e+01
6.261754174232482910e+02,2.000000000000000000e+01,9.179999999999999716e+01
6.271770064830780029e+02,2.000000000000000000e+01,9.179999999999999716e+01
6.281787502765655518e+02,2.000000000000000000e+01,9.179999999999999716e+01
6.291803436279296875e+02,2.000000000000000000e+01,9.179999999999999716e+01
6.301814241409301758e+02,2.000000000000000000e+01,9.179999999999999716e+01
6.311832845211029053e+02,2.000000000000000000e+01,9.179999999999999716e+01
6.321842091083526611e+02,2.000000000000000000e+01,9.179999999999999716e+01
6.331850819587707520e+02,2.000000000000000000e+01,9.181999999999999318e+01
6.341849570274353027e+02,2.000000000000000000e+01,9.181999999999999318e+01
6.351836688518524170e+02,2.000000000000000000e+01,9.179999999999999716e+01
6.361844613552093506e+02,2.000000000000000000e+01,9.181999999999999318e+01
6.371772065162658691e+02,2.000000000000000000e+01,9.196999999999999886e+01
6.381726689338684082e+02,2.000000000000000000e+01,9.193999999999999773e+01
6.391752815246582031e+02,2.000000000000000000e+01,9.210999999999999943e+01
6.401787269115447998e+02,2.000000000000000000e+01,9.220999999999999375e+01
6.411763949394226074e+02,2.000000000000000000e+01,9.220999999999999375e+01
6.421800496578216553e+02,2.000000000000000000e+01,9.223999999999999488e+01
6.431774580478668213e+02,2.000000000000000000e+01,9.218999999999999773e+01
6.441790955066680908e+02,2.000000000000000000e+01,9.220999999999999375e+01
6.451767148971557617e+02,2.000000000000000000e+01,9.218999999999999773e+01
6.461763095855712891e+02,2.000000000000000000e+01,9.218999999999999773e+01
6.471763470172882080e+02,2.000000000000000000e+01,9.223999999999999488e+01
6.481773681640625000e+02,2.000000000000000000e+01,9.226000000000000512e+01
6.491815197467803955e+02,2.000000000000000000e+01,9.226000000000000512e+01
6.501815786361694336e+02,2.000000000000000000e+01,9.229000000000000625e+01
6.511846590042114258e+02,2.000000000000000000e+01,9.226000000000000512e+01
6.521772630214691162e+02,2.000000000000000000e+01,9.229000000000000625e+01
6.531680099964141846e+02,2.000000000000000000e+01,9.229000000000000625e+01
6.541694042682647705e+02,2.000000000000000000e+01,9.229000000000000625e+01
6.551679725646972656e+02,2.000000000000000000e+01,9.229000000000000625e+01
6.561688642501831055e+02,2.000000000000000000e+01,9.229000000000000625e+01
6.571721150875091553e+02,2.000000000000000000e+01,9.229000000000000625e+01
6.581718442440032959e+02,2.000000000000000000e+01,9.229000000000000625e+01
6.591727957725524902e+02,2.000000000000000000e+01,9.231000000000000227e+01
6.601742293834686279e+02,2.000000000000000000e+01,9.229000000000000625e+01
6.611776559352874756e+02,2.000000000000000000e+01,9.245999999999999375e+01
6.621773567199707031e+02,2.000000000000000000e+01,9.257999999999999829e+01
6.631788561344146729e+02,2.000000000000000000e+01,9.259999999999999432e+01
6.641826784610748291e+02,2.000000000000000000e+01,9.265000000000000568e+01
6.651807146072387695e+02,2.000000000000000000e+01,9.262999999999999545e+01
6.661829841136932373e+02,2.000000000000000000e+01,9.271999999999999886e+01
6.671844918727874756e+02,2.000000000000000000e+01,9.270000000000000284e+01
6.681854693889617920e+02,2.000000000000000000e+01,9.268000000000000682e+01
6.691874947547912598e+02,2.000000000000000000e+01,9.271999999999999886e+01
6.701892938613891602e+02,2.000000000000000000e+01,9.270000000000000284e+01
6.711910355091094971e+02,2.000000000000000000e+01,9.271999999999999886e+01
6.721936953067779541e+02,2.000000000000000000e+01,9.270000000000000284e+01
6.731947576999664307e+02,2.000000000000000000e+01,9.271999999999999886e+01
6.741929614543914795e+02,2.000000000000000000e+01,9.270000000000000284e+01
6.751965541839599609e+02,2.000000000000000000e+01,9.270000000000000284e+01
6.761984403133392334e+02,2.000000000000000000e+01,9.268000000000000682e+01
6.771974689960479736e+02,2.000000000000000000e+01,9.270000000000000284e+01
6.781998176574707031e+02,2.000000000000000000e+01,9.270000000000000284e+01
6.792001090049743652e+02,2.000000000000000000e+01,9.271999999999999886e+01
6.802026109695434570e+02,2.000000000000000000e+01,9.271999999999999886e+01
6.812024261951446533e+02,2.000000000000000000e+01,9.275000000000000000e+01
6.822009804248809814e+02,2.000000000000000000e+01,9.275000000000000000e+01
6.831919763088226318e+02,2.000000000000000000e+01,9.276999999999999602e+01
6.841836237907409668e+02,2.000000000000000000e+01,9.276999999999999602e+01
6.851750142574310303e+02,2.000000000000000000e+01,9.276999999999999602e+01
6.861727344989776611e+02,2.000000000000000000e+01,9.279999999999999716e+01
6.871736698150634766e+02,2.000000000000000000e+01,9.281999999999999318e+01
6.881671147346496582e+02,2.000000000000000000e+01,9.298999999999999488e+01
6.891601135730743408e+02,2.000000000000000000e+01,9.284999999999999432e+01
6.901584026813507080e+02,2.000000000000000000e+01,9.296999999999999886e+01
6.911486196517944336e+02,2.000000000000000000e+01,9.306999999999999318e+01
6.921455678939819336e+02,2.000000000000000000e+01,9.309000000000000341e+01
6.931412112712860107e+02,2.000000000000000000e+01,9.314000000000000057e+01
6.941321623325347900e+02,2.000000000000000000e+01,9.318999999999999773e+01
6.951315324306488037e+02,2.000000000000000000e+01,9.320999999999999375e+01
6.961294438838958740e+02,2.000000000000000000e+01,9.320999999999999375e+01
6.971322174072265625e+02,2.000000000000000000e+01,9.318999999999999773e+01
6.981312091350555420e+02,2.000000000000000000e+01,9.318999999999999773e+01
6.991219522953033447e+02,2.000000000000000000e+01,9.314000000000000057e+01
7.001193814277648926e+02,2.000000000000000000e+01,9.318999999999999773e+01
7.011191115379333496e+02,2.000000000000000000e+01,9.318999999999999773e+01
7.021224410533905029e+02,2.000000000000000000e+01,9.320999999999999375e+01
7.031263110637664795e+02,2.000000000000000000e+01,9.318999999999999773e+01
7.041260960102081299e+02,2.000000000000000000e+01,9.320999999999999375e+01
7.051279056072235107e+02,2.000000000000000000e+01,9.323999999999999488e+01
7.061268422603607178e+02,2.000000000000000000e+01,9.326000000000000512e+01
7.071297624111175537e+02,2.000000000000000000e+01,9.326000000000000512e+01
7.081314206123352051e+02,2.000000000000000000e+01,9.323999999999999488e+01
7.091315255165100098e+02,2.000000000000000000e+01,9.326000000000000512e+01
7.101329638957977295e+02,2.000000000000000000e+01,9.326000000000000512e+01
7.111325676441192627e+02,2.000000000000000000e+01,9.323999999999999488e+01
7.121350803375244141e+02,2.000000000000000000e+01,9.326000000000000512e+01
7.131358935832977295e+02,2.000000000000000000e+01,9.326000000000000512e+01
7.141383569240570068e+02,2.000000000000000000e+01,9.323999999999999488e+01
7.151403470039367676e+02,2.000000000000000000e+01,9.326000000000000512e+01
7.161406161785125732e+02,2.000000000000000000e+01,9.329000000000000625e+01
7.171406228542327881e+02,2.000000000000000000e+01,9.326000000000000512e+01
7.181344385147094727e+02,2.000000000000000000e+01,9.326000000000000512e+01
7.191282148361206055e+02,2.000000000000000000e+01,9.326000000000000512e+01
7.201316511631011963e+02,2.000000000000000000e+01,9.329000000000000625e+01
7.211346805095672607e+02,2.000000000000000000e+01,9.326000000000000512e+01
7.221348130702972412e+02,2.000000000000000000e+01,9.326000000000000512e+01
7.231368491649627686e+02,2.000000000000000000e+01,9.326000000000000512e+01
7.241379084587097168e+02,2.000000000000000000e+01,9.326000000000000512e+01
7.251374957561492920e+02,2.000000000000000000e+01,9.329000000000000625e+01
7.261386625766754150e+02,2.000000000000000000e+01,9.332999999999999829e+01
7.271396272182464600e+02,2.000000000000000000e+01,9.329000000000000625e+01
7.281404416561126709e+02,2.000000000000000000e+01,9.326000000000000512e+01
7.291426270008087158e+02,2.000000000000000000e+01,9.326000000000000512e+01
7.301479256153106689e+02,2.000000000000000000e+01,9.331000000000000227e+01
7.311479504108428955e+02,2.000000000000000000e+01,9.329000000000000625e+01
7.321405832767486572e+02,2.000000000000000000e+01,9.326000000000000512e+01
7.331370029449462891e+02,2.000000000000000000e+01,9.326000000000000512e+01
7.341311678886413574e+02,2.000000000000000000e+01,9.326000000000000512e+01
7.351335663795471191e+02,2.000000000000000000e+01,9.320999999999999375e+01
7.361380257606506348e+02,2.000000000000000000e+01,9.326000000000000512e+01
7.371374719142913818e+02,2.000000000000000000e+01,9.331000000000000227e+01
7.381283497810363770e+02,2.000000000000000000e+01,9.326000000000000512e+01
7.391224579811096191e+02,2.000000000000000000e+01,9.340999999999999659e+01
7.401182327270507812e+02,2.000000000000000000e+01,9.337999999999999545e+01
7.411205341815948486e+02,2.000000000000000000e+01,9.353000000000000114e+01
7.421222772598266602e+02,2.000000000000000000e+01,9.365000000000000568e+01
7.431226587295532227e+02,2.000000000000000000e+01,9.362999999999999545e+01
7.441262326240539551e+02,2.000000000000000000e+01,9.365000000000000568e+01
7.451252276897430420e+02,2.000000000000000000e+01,9.365000000000000568e+01
7.461287727355957031e+02,2.000000000000000000e+01,9.365000000000000568e+01
7.471266114711761475e+02,2.000000000000000000e+01,9.359999999999999432e+01
7.481260607242584229e+02,2.000000000000000000e+01,9.370000000000000284e+01
7.491307990550994873e+02,2.000000000000000000e+01,9.368000000000000682e+01
7.501218693256378174e+02,2.000000000000000000e+01,9.370000000000000284e+01
7.511209139823913574e+02,2.000000000000000000e+01,9.362999999999999545e+01
7.521179056167602539e+02,2.000000000000000000e+01,9.365000000000000568e+01
7.531227560043334961e+02,2.000000000000000000e+01,9.370000000000000284e+01
7.541241407394409180e+02,2.000000000000000000e+01,9.368000000000000682e+01
7.551247277259826660e+02,2.000000000000000000e+01,9.365000000000000568e+01
7.561234884262084961e+02,2.000000000000000000e+01,9.368000000000000682e+01
7.571278870105743408e+02,2.000000000000000000e+01,9.365000000000000568e+01
7.581259911060333252e+02,2.000000000000000000e+01,9.359999999999999432e+01
7.591286203861236572e+02,2.000000000000000000e+01,9.370000000000000284e+01
7.601316549777984619e+02,2.000000000000000000e+01,9.362999999999999545e+01
7.611300079822540283e+02,2.000000000000000000e+01,9.345999999999999375e+01
7.621333370208740234e+02,2.000000000000000000e+01,9.332999999999999829e+01
7.631338984966278076e+02,2.000000000000000000e+01,9.337999999999999545e+01
7.641357822418212891e+02,2.000000000000000000e+01,9.348000000000000398e+01
7.651376068592071533e+02,2.000000000000000000e+01,9.357999999999999829e+01
7.661392228603363037e+02,2.000000000000000000e+01,9.357999999999999829e+01
7.671408684253692627e+02,2.000000000000000000e+01,9.348000000000000398e+01
7.681419477462768555e+02,2.000000000000000000e+01,9.343000000000000682e+01
7.691421086788177490e+02,2.000000000000000000e+01,9.362999999999999545e+01
7.701341853141784668e+02,2.000000000000000000e+01,9.362999999999999545e+01
7.711333701610565186e+02,2.000000000000000000e+01,9.370000000000000284e+01
7.721383929252624512e+02,2.000000000000000000e+01,9.362999999999999545e+01
7.731382391452789307e+02,2.000000000000000000e+01,9.368000000000000682e+01
7.741430728435516357e+02,2.000000000000000000e+01,9.362999999999999545e+01
7.751376674175262451e+02,2.000000000000000000e+01,9.365000000000000568e+01
7.761441559791564941e+02,2.000000000000000000e+01,9.368000000000000682e+01
7.771484329700469971e+02,2.000000000000000000e+01,9.362999999999999545e+01
7.781549839973449707e+02,2.000000000000000000e+01,9.370000000000000284e+01
7.791476111412048340e+02,2.000000000000000000e+01,9.359999999999999432e+01
7.801482961177825928e+02,2.000000000000000000e+01,9.370000000000000284e+01
7.811462526321411133e+02,2.000000000000000000e+01,9.368000000000000682e+01
7.821383345127105713e+02,2.000000000000000000e+01,9.370000000000000284e+01
7.831411414146423340e+02,2.000000000000000000e+01,9.368000000000000682e+01
7.841349585056304932e+02,2.000000000000000000e+01,9.373000000000000398e+01
7.851274473667144775e+02,2.000000000000000000e+01,9.370000000000000284e+01
7.861241123676300049e+02,2.000000000000000000e+01,9.373000000000000398e+01
7.871269125938415527e+02,2.000000000000000000e+01,9.375000000000000000e+01
7.881306309700012207e+02,2.000000000000000000e+01,9.375000000000000000e+01
7.891250634193420410e+02,2.000000000000000000e+01,9.375000000000000000e+01
7.901293644905090332e+02,2.000000000000000000e+01,9.375000000000000000e+01
7.911308245658874512e+02,2.000000000000000000e+01,9.375000000000000000e+01
7.921335914134979248e+02,2.000000000000000000e+01,9.375000000000000000e+01
7.931340544223785400e+02,2.000000000000000000e+01,9.375000000000000000e+01
7.941353023052215576e+02,2.000000000000000000e+01,9.375000000000000000e+01
7.951323223114013672e+02,2.000000000000000000e+01,9.375000000000000000e+01
7.961383342742919922e+02,2.000000000000000000e+01,9.376999999999999602e+01
7.971371271610260010e+02,2.000000000000000000e+01,9.375000000000000000e+01
7.981421701908111572e+02,2.000000000000000000e+01,9.375000000000000000e+01
7.991419792175292969e+02,2.000000000000000000e+01,9.381999999999999318e+01
8.001446423530578613e+02,2.000000000000000000e+01,9.381999999999999318e+01
8.011445217132568359e+02,2.000000000000000000e+01,9.384999999999999432e+01
8.021449887752532959e+02,2.000000000000000000e+01,9.384999999999999432e+01
8.031469786167144775e+02,2.000000000000000000e+01,9.376999999999999602e+01
8.041460130214691162e+02,2.000000000000000000e+01,9.376999999999999602e+01
8.051513533592224121e+02,2.000000000000000000e+01,9.375000000000000000e+01
8.061526484489440918e+02,2.000000000000000000e+01,9.375000000000000000e+01
8.071536715030670166e+02,2.000000000000000000e+01,9.375000000000000000e+01
8.081540918350219727e+02,2.000000000000000000e+01,9.375000000000000000e+01
8.091573350429534912e+02,2.000000000000000000e+01,9.375000000000000000e+01
8.101561565399169922e+02,2.000000000000000000e+01,9.375000000000000000e+01
8.111563649177551270e+02,2.000000000000000000e+01,9.375000000000000000e+01
8.121565616130828857e+02,2.000000000000000000e+01,9.375000000000000000e+01
8.131595852375030518e+02,2.000000000000000000e+01,9.375000000000000000e+01
8.141605310440063477e+02,2.000000000000000000e+01,9.375000000000000000e+01
8.151625492572784424e+02,2.000000000000000000e+01,9.375000000000000000e+01
8.161579205989837646e+02,2.000000000000000000e+01,9.375000000000000000e+01
8.171562511920928955e+02,2.000000000000000000e+01,9.375000000000000000e+01
8.181597287654876709e+02,2.000000000000000000e+01,9.375000000000000000e+01
8.191576924324035645e+02,2.000000000000000000e+01,9.379999999999999716e+01
8.201576838493347168e+02,2.000000000000000000e+01,9.376999999999999602e+01
8.211520073413848877e+02,2.000000000000000000e+01,9.390000000000000568e+01
8.221559410095214844e+02,2.000000000000000000e+01,9.401999999999999602e+01
8.231481244564056396e+02,2.000000000000000000e+01,9.406999999999999318e+01
8.241394219398498535e+02,2.000000000000000000e+01,9.417000000000000171e+01
8.251420555114746094e+02,2.000000000000000000e+01,9.417000000000000171e+01
8.261349973678588867e+02,2.000000000000000000e+01,9.418999999999999773e+01
8.271261942386627197e+02,2.000000000000000000e+01,9.418999999999999773e+01
8.281209402084350586e+02,2.000000000000000000e+01,9.417000000000000171e+01
8.291218676567077637e+02,2.000000000000000000e+01,9.414000000000000057e+01
8.301240930557250977e+02,2.000000000000000000e+01,9.417000000000000171e+01
8.311281056404113770e+02,2.000000000000000000e+01,9.417000000000000171e+01
8.321300196647644043e+02,2.000000000000000000e+01,9.418999999999999773e+01
8.331322298049926758e+02,2.000000000000000000e+01,9.420999999999999375e+01
8.341359312534332275e+02,2.000000000000000000e+01,9.409000000000000341e+01
8.351384921073913574e+02,2.000000000000000000e+01,9.418999999999999773e+01
8.361308512687683105e+02,2.000000000000000000e+01,9.418999999999999773e+01
8.371226313114166260e+02,2.000000000000000000e+01,9.417000000000000171e+01
8.381266469955444336e+02,2.000000000000000000e+01,9.418999999999999773e+01
8.391211123466491699e+02,2.000000000000000000e+01,9.418999999999999773e+01
8.401205060482025146e+02,2.000000000000000000e+01,9.420999999999999375e+01
8.411110990047454834e+02,2.000000000000000000e+01,9.418999999999999773e+01
8.421078469753265381e+02,2.000000000000000000e+01,9.418999999999999773e+01
8.431084859371185303e+02,2.000000000000000000e+01,9.418999999999999773e+01
8.441097350120544434e+02,2.000000000000000000e+01,9.418999999999999773e+01
8.451105165481567383e+02,2.000000000000000000e+01,9.423999999999999488e+01
8.461137754917144775e+02,2.000000000000000000e+01,9.418999999999999773e+01
8.471109962463378906e+02,2.000000000000000000e+01,9.414000000000000057e+01
8.481134262084960938e+02,2.000000000000000000e+01,9.417000000000000171e+01
8.491156585216522217e+02,2.000000000000000000e+01,9.420999999999999375e+01
8.501177098751068115e+02,2.000000000000000000e+01,9.420999999999999375e+01
8.511161892414093018e+02,2.000000000000000000e+01,9.417000000000000171e+01
8.521200294494628906e+02,2.000000000000000000e+01,9.420999999999999375e+01
8.531187381744384766e+02,2.000000000000000000e+01,9.420999999999999375e+01
8.541219480037689209e+02,2.000000000000000000e+01,9.423999999999999488e+01
8.551251544952392578e+02,2.000000000000000000e+01,9.418999999999999773e+01
8.561260683536529541e+02,2.000000000000000000e+01,9.423999999999999488e+01
8.571252474784851074e+02,2.000000000000000000e+01,9.423999999999999488e+01
8.581258993148803711e+02,2.000000000000000000e+01,9.423999999999999488e+01
8.591249063014984131e+02,2.000000000000000000e+01,9.423999999999999488e+01
8.601290357112884521e+02,2.000000000000000000e+01,9.423999999999999488e+01
8.611282463073730469e+02,2.000000000000000000e+01,9.423999999999999488e+01
8.621301059722900391e+02,2.000000000000000000e+01,9.420999999999999375e+01
8.631293778419494629e+02,2.000000000000000000e+01,9.423999999999999488e+01
8.641350815296173096e+02,2.000000000000000000e+01,9.423999999999999488e+01
8.651282658576965332e+02,2.000000000000000000e+01,9.423999999999999488e+01
8.661322925090789795e+02,2.000000000000000000e+01,9.423999999999999488e+01
8.671285471916198730e+02,2.000000000000000000e+01,9.423999999999999488e+01
8.681203193664550781e+02,2.000000000000000000e+01,9.423999999999999488e+01
8.691207299232482910e+02,2.000000000000000000e+01,9.423999999999999488e+01
8.701224446296691895e+02,2.000000000000000000e+01,9.420999999999999375e+01
8.711182677745819092e+02,2.000000000000000000e+01,9.417000000000000171e+01
8.721168689727783203e+02,2.000000000000000000e+01,9.414000000000000057e+01
8.731203110218048096e+02,2.000000000000000000e+01,9.417000000000000171e+01
8.741246163845062256e+02,2.000000000000000000e+01,9.412000000000000455e+01
8.751230480670928955e+02,2.000000000000000000e+01,9.414000000000000057e+01
8.761277937889099121e+02,2.000000000000000000e+01,9.417000000000000171e+01
8.771239502429962158e+02,2.000000000000000000e+01,9.412000000000000455e+01
8.781294610500335693e+02,2.000000000000000000e+01,9.417000000000000171e+01
8.791264355182647705e+02,2.000000000000000000e+01,9.417000000000000171e+01
8.801303415298461914e+02,2.000000000000000000e+01,9.417000000000000171e+01
8.811284465789794922e+02,2.000000000000000000e+01,9.418999999999999773e+01
8.821317937374114990e+02,2.000000000000000000e+01,9.420999999999999375e+01
8.831327574253082275e+02,2.000000000000000000e+01,9.417000000000000171e+01
8.841305761337280273e+02,2.000000000000000000e+01,9.418999999999999773e+01
8.851342935562133789e+02,2.000000000000000000e+01,9.414000000000000057e+01
8.861376812458038330e+02,2.000000000000000000e+01,9.423999999999999488e+01
8.871316699981689453e+02,2.000000000000000000e+01,9.420999999999999375e+01
8.881318204402923584e+02,2.000000000000000000e+01,9.423999999999999488e+01
8.891234076023101807e+02,2.000000000000000000e+01,9.423999999999999488e+01
8.901215195655822754e+02,2.000000000000000000e+01,9.423999999999999488e+01
8.911217117309570312e+02,2.000000000000000000e+01,9.423999999999999488e+01
8.921199569702148438e+02,2.000000000000000000e+01,9.423999999999999488e+01
8.931219420433044434e+02,2.000000000000000000e+01,9.423999999999999488e+01
8.941242685317993164e+02,2.000000000000000000e+01,9.426000000000000512e+01
8.951174547672271729e+02,2.000000000000000000e+01,9.426000000000000512e+01
8.961201798915863037e+02,2.000000000000000000e+01,9.423999999999999488e+01
8.971222255229949951e+02,2.000000000000000000e+01,9.423999999999999488e+01
8.981259078979492188e+02,2.000000000000000000e+01,9.423999999999999488e+01
8.991239237785339355e+02,2.000000000000000000e+01,9.423999999999999488e+01
9.001258013248443604e+02,2.000000000000000000e+01,9.423999999999999488e+01
9.011271374225616455e+02,2.000000000000000000e+01,9.423999999999999488e+01
9.021269733905792236e+02,2.000000000000000000e+01,9.420999999999999375e+01
9.031281828880310059e+02,2.000000000000000000e+01,9.423999999999999488e+01
9.041307454109191895e+02,2.000000000000000000e+01,9.423999999999999488e+01
9.051319108009338379e+02,2.000000000000000000e+01,9.423999999999999488e+01
9.061312623023986816e+02,2.000000000000000000e+01,9.423999999999999488e+01
9.071331269741058350e+02,2.000000000000000000e+01,9.423999999999999488e+01
9.081415510177612305e+02,2.000000000000000000e+01,9.423999999999999488e+01
9.091461350917816162e+02,2.000000000000000000e+01,9.426000000000000512e+01
9.101514077186584473e+02,2.000000000000000000e+01,9.431000000000000227e+01
9.111424741744995117e+02,2.000000000000000000e+01,9.437999999999999545e+01
9.121409687995910645e+02,2.000000000000000000e+01,9.448000000000000398e+01
9.131349582672119141e+02,2.000000000000000000e+01,9.462999999999999545e+01
9.141387720108032227e+02,2.000000000000000000e+01,9.465000000000000568e+01
9.151353981494903564e+02,2.000000000000000000e+01,9.468000000000000682e+01
9.161292870044708252e+02,2.000000000000000000e+01,9.468000000000000682e+01
9.171257517337799072e+02,2.000000000000000000e+01,9.468000000000000682e+01
9.181223931312561035e+02,2.000000000000000000e+01,9.465000000000000568e+01
9.191260814666748047e+02,2.000000000000000000e+01,9.465000000000000568e+01
9.201236233711242676e+02,2.000000000000000000e+01,9.465000000000000568e+01
9.211264224052429199e+02,2.000000000000000000e+01,9.465000000000000568e+01
9.221249160766601562e+02,2.000000000000000000e+01,9.468000000000000682e+01
9.231250491142272949e+02,2.000000000000000000e+01,9.470000000000000284e+01
9.241172204017639160e+02,2.000000000000000000e+01,9.473000000000000398e+01
9.251165566444396973e+02,2.000000000000000000e+01,9.473000000000000398e+01
9.261157112121582031e+02,2.000000000000000000e+01,9.473000000000000398e+01
9.271184401512145996e+02,2.000000000000000000e+01,9.473000000000000398e+01
9.281194407939910889e+02,2.000000000000000000e+01,9.478000000000000114e+01
9.291183953285217285e+02,2.000000000000000000e+01,9.478000000000000114e+01
9.301206295490264893e+02,2.000000000000000000e+01,9.496999999999999886e+01
9.311220614910125732e+02,2.000000000000000000e+01,9.495000000000000284e+01
9.321235787868499756e+02,2.000000000000000000e+01,9.506999999999999318e+01
9.331232988834381104e+02,2.000000000000000000e+01,9.512000000000000455e+01
9.341252679824829102e+02,2.000000000000000000e+01,9.509000000000000341e+01
9.351251237392425537e+02,2.000000000000000000e+01,9.512000000000000455e+01
9.361266205310821533e+02,2.000000000000000000e+01,9.512000000000000455e+01
9.371282742023468018e+02,2.000000000000000000e+01,9.514000000000000057e+01
9.381300053596496582e+02,2.000000000000000000e+01,9.514000000000000057e+01
9.391319615840911865e+02,2.000000000000000000e+01,9.517000000000000171e+01
9.401322886943817139e+02,2.000000000000000000e+01,9.509000000000000341e+01
9.411330800056457520e+02,2.000000000000000000e+01,9.512000000000000455e+01
9.421358888149261475e+02,2.000000000000000000e+01,9.517000000000000171e+01
9.431340694427490234e+02,2.000000000000000000e+01,9.514000000000000057e+01
9.441381678581237793e+02,2.000000000000000000e+01,9.512000000000000455e+01
9.451416764259338379e+02,2.000000000000000000e+01,9.514000000000000057e+01
9.461408026218414307e+02,2.000000000000000000e+01,9.514000000000000057e+01
9.471420798301696777e+02,2.000000000000000000e+01,9.517000000000000171e+01
9.481431763172149658e+02,2.000000000000000000e+01,9.509000000000000341e+01
9.491451542377471924e+02,2.000000000000000000e+01,9.512000000000000455e+01
9.501457443237304688e+02,2.000000000000000000e+01,9.517000000000000171e+01
9.511470384597778320e+02,2.000000000000000000e+01,9.514000000000000057e+01
9.521492621898651123e+02,2.000000000000000000e+01,9.517000000000000171e+01
9.531513648033142090e+02,2.000000000000000000e+01,9.517000000000000171e+01
9.541503148078918457e+02,2.000000000000000000e+01,9.517000000000000171e+01
9.551504726409912109e+02,2.000000000000000000e+01,9.520999999999999375e+01
9.561462028026580811e+02,2.000000000000000000e+01,9.514000000000000057e+01
9.571514663696289062e+02,2.000000000000000000e+01,9.518999999999999773e+01
9.581431758403778076e+02,2.000000000000000000e+01,9.518999999999999773e+01
9.591469275951385498e+02,2.000000000000000000e+01,9.518999999999999773e+01
9.601447522640228271e+02,2.000000000000000000e+01,9.518999999999999773e+01
9.611375923156738281e+02,2.000000000000000000e+01,9.520999999999999375e+01
9.621376926898956299e+02,2.000000000000000000e+01,9.520999999999999375e+01
9.631317870616912842e+02,2.000000000000000000e+01,9.520999999999999375e+01
9.641308593750000000e+02,2.000000000000000000e+01,9.520999999999999375e+01
9.651265902519226074e+02,2.000000000000000000e+01,9.518999999999999773e+01
9.661225438117980957e+02,2.000000000000000000e+01,9.518999999999999773e+01
9.671282365322113037e+02,2.000000000000000000e+01,9.520999999999999375e+01
9.681289243698120117e+02,2.000000000000000000e+01,9.520999999999999375e+01
9.691199064254760742e+02,2.000000000000000000e+01,9.520999999999999375e+01
9.701161601543426514e+02,2.000000000000000000e+01,9.523999999999999488e+01
9.711152667999267578e+02,2.000000000000000000e+01,9.520999999999999375e+01
9.721158638000488281e+02,2.000000000000000000e+01,9.523999999999999488e+01
9.731211321353912354e+02,2.000000000000000000e+01,9.523999999999999488e+01
9.741188845634460449e+02,2.000000000000000000e+01,9.534000000000000341e+01
9.751211705207824707e+02,2.000000000000000000e+01,9.529000000000000625e+01
9.761263887882232666e+02,2.000000000000000000e+01,9.534000000000000341e+01
9.771253507137298584e+02,2.000000000000000000e+01,9.534000000000000341e+01
9.781224482059478760e+02,2.000000000000000000e+01,9.545999999999999375e+01
9.791264812946319580e+02,2.000000000000000000e+01,9.539000000000000057e+01
9.801268374919891357e+02,2.000000000000000000e+01,9.551000000000000512e+01
9.811283450126647949e+02,2.000000000000000000e+01,9.553000000000000114e+01
9.821297063827514648e+02,2.000000000000000000e+01,9.539000000000000057e+01
9.831322960853576660e+02,2.000000000000000000e+01,9.557999999999999829e+01
9.841306080818176270e+02,2.000000000000000000e+01,9.553000000000000114e+01
9.851347219944000244e+02,2.000000000000000000e+01,9.556000000000000227e+01
9.861326670646667480e+02,2.000000000000000000e+01,9.553000000000000114e+01
9.871340548992156982e+02,2.000000000000000000e+01,9.557999999999999829e+01
9.881384201049804688e+02,2.000000000000000000e+01,9.556000000000000227e+01
9.891356418132781982e+02,2.000000000000000000e+01,9.562999999999999545e+01
9.901372106075286865e+02,2.000000000000000000e+01,9.565000000000000568e+01
9.911409194469451904e+02,2.000000000000000000e+01,9.556000000000000227e+01
9.921333765983581543e+02,2.000000000000000000e+01,9.562999999999999545e+01
9.931264131069183350e+02,2.000000000000000000e+01,9.562999999999999545e+01
9.941275687217712402e+02,2.000000000000000000e+01,9.565000000000000568e+01
9.951293752193450928e+02,2.000000000000000000e+01,9.562999999999999545e+01
9.961291520595550537e+02,2.000000000000000000e+01,9.557999999999999829e+01
9.971321148872375488e+02,2.000000000000000000e+01,9.568000000000000682e+01
9.981312899589538574e+02,2.000000000000000000e+01,9.568000000000000682e+01
9.991357553005218506e+02,2.000000000000000000e+01,9.557999999999999829e+01
1.000134761810302734e+03,2.000000000000000000e+01,9.570000000000000284e+01
1.001136405944824219e+03,2.000000000000000000e+01,9.570000000000000284e+01
1.002138302087783813e+03,2.000000000000000000e+01,9.570000000000000284e+01
1.003138242959976196e+03,2.000000000000000000e+01,9.570000000000000284e+01
1.004137793302536011e+03,2.000000000000000000e+01,9.570000000000000284e+01
1.005141516447067261e+03,2.000000000000000000e+01,9.570000000000000284e+01
1.006135402441024780e+03,2.000000000000000000e+01,9.579999999999999716e+01
1.007136642932891846e+03,2.000000000000000000e+01,9.575000000000000000e+01
1.008132494926452637e+03,2.000000000000000000e+01,9.578000000000000114e+01
1.009134441614151001e+03,2.000000000000000000e+01,9.584999999999999432e+01
1.010126695156097412e+03,2.000000000000000000e+01,9.600000000000000000e+01
1.011131075620651245e+03,2.000000000000000000e+01,9.606999999999999318e+01
1.012131193399429321e+03,2.000000000000000000e+01,9.604000000000000625e+01
1.013132960557937622e+03,2.000000000000000000e+01,9.612000000000000455e+01
1.014129596948623657e+03,2.000000000000000000e+01,9.606999999999999318e+01
1.015125885963439941e+03,2.000000000000000000e+01,9.614000000000000057e+01
1.016126360893249512e+03,2.000000000000000000e+01,9.609000000000000341e+01
1.017117018699645996e+03,2.000000000000000000e+01,9.614000000000000057e+01
1.018116096496582031e+03,2.000000000000000000e+01,9.614000000000000057e+01
1.019114734649658203e+03,2.000000000000000000e+01,9.612000000000000455e+01
1.020116029262542725e+03,2.000000000000000000e+01,9.612000000000000455e+01
1.021115407466888428e+03,2.000000000000000000e+01,9.609000000000000341e+01
1.022105982065200806e+03,2.000000000000000000e+01,9.609000000000000341e+01
1.023103322505950928e+03,2.000000000000000000e+01,9.614000000000000057e+01
1.024103380918502808e+03,2.000000000000000000e+01,9.614000000000000057e+01
1.025109229803085327e+03,2.000000000000000000e+01,9.614000000000000057e+01
1.026110436439514160e+03,2.000000000000000000e+01,9.612000000000000455e+01
1.027108711957931519e+03,2.000000000000000000e+01,9.612000000000000455e+01
1.028112673997879028e+03,2.000000000000000000e+01,9.612000000000000455e+01
1.029110523462295532e+03,2.000000000000000000e+01,9.609000000000000341e+01
1.030111936092376709e+03,2.000000000000000000e+01,9.612000000000000455e+01
1.031115782737731934e+03,2.000000000000000000e+01,9.614000000000000057e+01
1.032115973234176636e+03,2.000000000000000000e+01,9.614000000000000057e+01
1.033118816614151001e+03,2.000000000000000000e+01,9.612000000000000455e+01
1.034118365764617920e+03,2.000000000000000000e+01,9.612000000000000455e+01
1.035119554758071899e+03,2.000000000000000000e+01,9.617000000000000171e+01
1.036120809316635132e+03,2.000000000000000000e+01,9.614000000000000057e+01
1.037123639106750488e+03,2.000000000000000000e+01,9.612000000000000455e+01
1.038121547698974609e+03,2.000000000000000000e+01,9.614000000000000057e+01
1.039126951694488525e+03,2.000000000000000000e+01,9.614000000000000057e+01
1.040124656677246094e+03,2.000000000000000000e+01,9.618999999999999773e+01
1.041127038717269897e+03,2.000000000000000000e+01,9.617000000000000171e+01
1.042130214691162109e+03,2.000000000000000000e+01,9.617000000000000171e+01
1.043129567623138428e+03,2.000000000000000000e+01,9.618999999999999773e+01
1.044131905078887939e+03,2.000000000000000000e+01,9.617000000000000171e+01
1.045132027387619019e+03,2.000000000000000000e+01,9.618999999999999773e+01
1.046133999109268188e+03,2.000000000000000000e+01,9.618999999999999773e+01
1.047138414621353149e+03,2.000000000000000000e+01,9.618999999999999773e+01
1.048138449668884277e+03,2.000000000000000000e+01,9.618999999999999773e+01
1.049139975786209106e+03,2.000000000000000000e+01,9.618999999999999773e+01
1.050140565395355225e+03,2.000000000000000000e+01,9.614000000000000057e+01
1.051140603780746460e+03,2.000000000000000000e+01,9.614000000000000057e+01
1.052131896257400513e+03,2.000000000000000000e+01,9.614000000000000057e+01
1.053127268552780151e+03,2.000000000000000000e+01,9.618999999999999773e+01
1.054129884481430054e+03,2.000000000000000000e+01,9.618999999999999773e+01
1.055122982740402222e+03,2.000000000000000000e+01,9.618999999999999773e+01
1.056123244524002075e+03,2.000000000000000000e+01,9.617000000000000171e+01
1.057121672630310059e+03,2.000000000000000000e+01,9.618999999999999773e+01
1.058118914842605591e+03,2.000000000000000000e+01,9.617000000000000171e+01
1.059123080015182495e+03,2.000000000000000000e+01,9.617000000000000171e+01
1.060129121541976929e+03,2.000000000000000000e+01,9.612000000000000455e+01
1.061120857000350952e+03,2.000000000000000000e+01,9.614000000000000057e+01
1.062115619659423828e+03,2.000000000000000000e+01,9.612000000000000455e+01
1.063118004322052002e+03,2.000000000000000000e+01,9.618999999999999773e+01
1.064116987228393555e+03,2.000000000000000000e+01,9.618999999999999773e+01
1.065118340015411377e+03,2.000000000000000000e+01,9.617000000000000171e+01
1.066118992328643799e+03,2.000000000000000000e+01,9.618999999999999773e+01
1.067117079019546509e+03,2.000000000000000000e+01,9.618999999999999773e+01
1.068119383335113525e+03,2.000000000000000000e+01,9.618999999999999773e+01
1.069121260166168213e+03,2.000000000000000000e+01,9.618999999999999773e+01
1.070123535394668579e+03,2.000000000000000000e+01,9.617000000000000171e+01
1.071127384901046753e+03,2.000000000000000000e+01,9.617000000000000171e+01
1.072126739025115967e+03,2.000000000000000000e+01,9.617000000000000171e+01
1.073127209424972534e+03,2.000000000000000000e+01,9.614000000000000057e+01
1.074125179767608643e+03,2.000000000000000000e+01,9.614000000000000057e+01
1.075130174636840820e+03,2.000000000000000000e+01,9.614000000000000057e+01
1.076132721662521362e+03,2.000000000000000000e+01,9.614000000000000057e+01
1.077130123615264893e+03,2.000000000000000000e+01,9.614000000000000057e+01
1.078134350061416626e+03,2.000000000000000000e+01,9.618999999999999773e+01
1.079132810592651367e+03,2.000000000000000000e+01,9.618999999999999773e+01
1.080137505054473877e+03,2.000000000000000000e+01,9.618999999999999773e+01
1.081138287305831909e+03,2.000000000000000000e+01,9.618999999999999773e+01
1.082136741638183594e+03,2.000000000000000000e+01,9.618999999999999773e+01
1.083135990142822266e+03,2.000000000000000000e+01,9.618999999999999773e+01
1.084139411211013794e+03,2.000000000000000000e+01,9.618999999999999773e+01
1.085139246940612793e+03,2.000000000000000000e+01,9.618999999999999773e+01
1.086141824722290039e+03,2.000000000000000000e+01,9.623999999999999488e+01
1.087143482685089111e+03,2.000000000000000000e+01,9.626000000000000512e+01
1.088143509864807129e+03,2.000000000000000000e+01,9.635999999999999943e+01
1.089146265029907227e+03,2.000000000000000000e+01,9.639000000000000057e+01
1.090148363828659058e+03,2.000000000000000000e+01,9.639000000000000057e+01
1.091148358821868896e+03,2.000000000000000000e+01,9.640999999999999659e+01
1.092151754379272461e+03,2.000000000000000000e+01,9.640999999999999659e+01
1.093150999546051025e+03,2.000000000000000000e+01,9.656000000000000227e+01
1.094154021263122559e+03,2.000000000000000000e+01,9.657999999999999829e+01
1.095154484748840332e+03,2.000000000000000000e+01,9.656000000000000227e+01
1.096156459331512451e+03,2.000000000000000000e+01,9.662999999999999545e+01
1.097158581972122192e+03,2.000000000000000000e+01,9.662999999999999545e+01
1.098159108400344849e+03,2.000000000000000000e+01,9.657999999999999829e+01
1.099159816741943359e+03,2.000000000000000000e+01,9.656000000000000227e+01
1.100152039289474487e+03,2.000000000000000000e+01,9.653000000000000114e+01
1.101153645753860474e+03,2.000000000000000000e+01,9.662999999999999545e+01
1.102152848243713379e+03,2.000000000000000000e+01,9.660999999999999943e+01
1.103157569408416748e+03,2.000000000000000000e+01,9.657999999999999829e+01
1.104160362958908081e+03,2.000000000000000000e+01,9.660999999999999943e+01
1.105160045862197876e+03,2.000000000000000000e+01,9.660999999999999943e+01
1.106151993513107300e+03,2.000000000000000000e+01,9.660999999999999943e+01
1.107156155347824097e+03,2.000000000000000000e+01,9.660999999999999943e+01
1.108158809900283813e+03,2.000000000000000000e+01,9.662999999999999545e+01
1.109158680438995361e+03,2.000000000000000000e+01,9.662999999999999545e+01
1.110153612136840820e+03,2.000000000000000000e+01,9.656000000000000227e+01
1.111154139757156372e+03,2.000000000000000000e+01,9.660999999999999943e+01
1.112152019977569580e+03,2.000000000000000000e+01,9.662999999999999545e+01
1.113144540548324585e+03,2.000000000000000000e+01,9.657999999999999829e+01
1.114140495777130127e+03,2.000000000000000000e+01,9.648000000000000398e+01
1.115140531778335571e+03,2.000000000000000000e+01,9.645999999999999375e+01
1.116143663406372070e+03,2.000000000000000000e+01,9.656000000000000227e+01
1.117145619869232178e+03,2.000000000000000000e+01,9.657999999999999829e+01
1.118145277023315430e+03,2.000000000000000000e+01,9.657999999999999829e+01
1.119147634029388428e+03,2.000000000000000000e+01,9.657999999999999829e+01
1.120151635885238647e+03,2.000000000000000000e+01,9.660999999999999943e+01
1.121149013996124268e+03,2.000000000000000000e+01,9.660999999999999943e+01
1.122150051593780518e+03,2.000000000000000000e+01,9.660999999999999943e+01
1.123152111768722534e+03,2.000000000000000000e+01,9.660999999999999943e+01
1.124154346942901611e+03,2.000000000000000000e+01,9.660999999999999943e+01
1.125158837080001831e+03,2.000000000000000000e+01,9.656000000000000227e+01
1.126160284042358398e+03,2.000000000000000000e+01,9.660999999999999943e+01
1.127160960435867310e+03,2.000000000000000000e+01,9.660999999999999943e+01
1.128160482645034790e+03,2.000000000000000000e+01,9.660999999999999943e+01
1.129162521362304688e+03,2.000000000000000000e+01,9.660999999999999943e+01
1.130166476726531982e+03,2.000000000000000000e+01,9.662999999999999545e+01
1.131168302774429321e+03,2.000000000000000000e+01,9.662999999999999545e+01
1.132168280363082886e+03,2.000000000000000000e+01,9.660999999999999943e+01
1.133169292211532593e+03,2.000000000000000000e+01,9.657999999999999829e+01
1.134170637607574463e+03,2.000000000000000000e+01,9.657999999999999829e+01
1.135174704074859619e+03,2.000000000000000000e+01,9.665999999999999659e+01
1.136174268960952759e+03,2.000000000000000000e+01,9.660999999999999943e+01
1.137176614284515381e+03,2.000000000000000000e+01,9.660999999999999943e+01
1.138179302930831909e+03,2.000000000000000000e+01,9.665999999999999659e+01
1.139178252696990967e+03,2.000000000000000000e+01,9.660999999999999943e+01
1.140195702791213989e+03,2.000000000000000000e+01,9.668000000000000682e+01
1.141195547819137573e+03,2.000000000000000000e+01,9.665999999999999659e+01
1.142193525075912476e+03,2.000000000000000000e+01,9.668000000000000682e+01
1.143194936752319336e+03,2.000000000000000000e+01,9.668000000000000682e+01
1.144192834854125977e+03,2.000000000000000000e+01,9.668000000000000682e+01
1.145195632696151733e+03,2.000000000000000000e+01,9.668000000000000682e+01
1.146191249132156372e+03,2.000000000000000000e+01,9.668000000000000682e+01
1.147181648731231689e+03,2.000000000000000000e+01,9.668000000000000682e+01
1.148188244104385376e+03,2.000000000000000000e+01,9.668000000000000682e+01
1.149188957452774048e+03,2.000000000000000000e+01,9.668000000000000682e+01
1.150187492132186890e+03,2.000000000000000000e+01,9.673000000000000398e+01
1.151192843675613403e+03,2.000000000000000000e+01,9.668000000000000682e+01
1.152185086011886597e+03,2.000000000000000000e+01,9.668000000000000682e+01
1.153187926769256592e+03,2.000000000000000000e+01,9.668000000000000682e+01
1.154187042713165283e+03,2.000000000000000000e+01,9.668000000000000682e+01
1.155190598726272583e+03,2.000000000000000000e+01,9.665999999999999659e+01
1.156190198421478271e+03,2.000000000000000000e+01,9.668000000000000682e+01
1.157194054841995239e+03,2.000000000000000000e+01,9.668000000000000682e+01
1.158192722797393799e+03,2.000000000000000000e+01,9.668000000000000682e+01
1.159195348501205444e+03,2.000000000000000000e+01,9.668000000000000682e+01
1.160188220024108887e+03,2.000000000000000000e+01,9.670000000000000284e+01
1.161190586805343628e+03,2.000000000000000000e+01,9.668000000000000682e+01
1.162195587396621704e+03,2.000000000000000000e+01,9.673000000000000398e+01
1.163194210767745972e+03,2.000000000000000000e+01,9.668000000000000682e+01
1.164198941469192505e+03,2.000000000000000000e+01,9.670000000000000284e+01
1.165201210021972656e+03,2.000000000000000000e+01,9.673000000000000398e+01
1.166204332113265991e+03,2.000000000000000000e+01,9.670000000000000284e+01
1.167203017473220825e+03,2.000000000000000000e+01,9.668000000000000682e+01
1.168196306943893433e+03,2.000000000000000000e+01,9.668000000000000682e+01
1.169190924406051636e+03,2.000000000000000000e+01,9.665999999999999659e+01
1.170192668676376343e+03,2.000000000000000000e+01,9.665999999999999659e+01
1.171195641756057739e+03,2.000000000000000000e+01,9.668000000000000682e+01
1.172197348594665527e+03,2.000000000000000000e+01,9.673000000000000398e+01
1.173200356006622314e+03,2.000000000000000000e+01,9.668000000000000682e+01
1.174198978662490845e+03,2.000000000000000000e+01,9.673000000000000398e+01
1.175201710939407349e+03,2.000000000000000000e+01,9.670000000000000284e+01
1.176205446958541870e+03,2.000000000000000000e+01,9.675000000000000000e+01
1.177203409910202026e+03,2.000000000000000000e+01,9.678000000000000114e+01
1.178205529928207397e+03,2.000000000000000000e+01,9.673000000000000398e+01
1.179203595399856567e+03,2.000000000000000000e+01,9.673000000000000398e+01
1.180205698251724243e+03,2.000000000000000000e+01,9.690000000000000568e+01
1.181207246065139771e+03,2.000000000000000000e+01,9.690000000000000568e+01
1.182209365606307983e+03,2.000000000000000000e+01,9.684999999999999432e+01
1.183208450078964233e+03,2.000000000000000000e+01,9.687999999999999545e+01
1.184212493896484375e+03,2.000000000000000000e+01,9.679999999999999716e+01
1.185211223363876343e+03,2.000000000000000000e+01,9.682999999999999829e+01
1.186213824510574341e+03,2.000000000000000000e+01,9.690000000000000568e+01
1.187215412616729736e+03,2.000000000000000000e+01,9.687999999999999545e+01
1.188215208530426025e+03,2.000000000000000000e+01,9.679999999999999716e+01
1.189210571527481079e+03,2.000000000000000000e+01,9.684999999999999432e+01
1.190203912258148193e+03,2.000000000000000000e+01,9.687999999999999545e+01
1.191196857213973999e+03,2.000000000000000000e+01,9.696999999999999886e+01
1.192198073387145996e+03,2.000000000000000000e+01,9.684999999999999432e+01
1.193201919555664062e+03,2.000000000000000000e+01,9.700000000000000000e+01
1.194207001209259033e+03,2.000000000000000000e+01,9.673000000000000398e+01
1.195212954521179199e+03,2.000000000000000000e+01,9.682999999999999829e+01
1.196211971998214722e+03,2.000000000000000000e+01,9.679999999999999716e+01
1.197212686538696289e+03,2.000000000000000000e+01,9.678000000000000114e+01
1.198204643964767456e+03,2.000000000000000000e+01,9.673000000000000398e+01
