Time (sec),  Heater (%),  Temperature (C)
0.000000000000000000e+00,4.000000000000000000e+01,4.003999999999999915e+01
1.002495288848876953e+00,4.000000000000000000e+01,4.003999999999999915e+01
2.091175079345703125e+00,4.000000000000000000e+01,4.003999999999999915e+01
3.091199874877929688e+00,4.000000000000000000e+01,4.003999999999999915e+01
4.087835550308227539e+00,4.000000000000000000e+01,4.003999999999999915e+01
5.083167552947998047e+00,4.000000000000000000e+01,4.003999999999999915e+01
6.077440023422241211e+00,4.000000000000000000e+01,4.003999999999999915e+01
7.079278230667114258e+00,4.000000000000000000e+01,4.003999999999999915e+01
8.074305057525634766e+00,4.000000000000000000e+01,4.003999999999999915e+01
9.072954416275024414e+00,4.000000000000000000e+01,4.003999999999999915e+01
1.006957197189331055e+01,4.000000000000000000e+01,4.003999999999999915e+01
1.106697654724121094e+01,4.000000000000000000e+01,3.989000000000000057e+01
1.205863738059997559e+01,4.000000000000000000e+01,3.989000000000000057e+01
1.305146408081054688e+01,4.000000000000000000e+01,3.992000000000000171e+01
1.404945373535156250e+01,4.000000000000000000e+01,3.986999999999999744e+01
1.504549145698547363e+01,4.000000000000000000e+01,4.003999999999999915e+01
1.604552531242370605e+01,4.000000000000000000e+01,4.040999999999999659e+01
1.704123950004577637e+01,4.000000000000000000e+01,4.042999999999999972e+01
1.803370189666748047e+01,4.000000000000000000e+01,4.089000000000000057e+01
1.902869319915771484e+01,4.000000000000000000e+01,4.092000000000000171e+01
2.002417063713073730e+01,4.000000000000000000e+01,4.138000000000000256e+01
2.101930093765258789e+01,4.000000000000000000e+01,4.163000000000000256e+01
2.201289415359497070e+01,4.000000000000000000e+01,4.179999999999999716e+01
2.301480484008789062e+01,4.000000000000000000e+01,4.235999999999999943e+01
2.401373624801635742e+01,4.000000000000000000e+01,4.275000000000000000e+01
2.501534438133239746e+01,4.000000000000000000e+01,4.296999999999999886e+01
2.601246213912963867e+01,4.000000000000000000e+01,4.332999999999999829e+01
2.700973010063171387e+01,4.000000000000000000e+01,4.372999999999999687e+01
2.800364995002746582e+01,4.000000000000000000e+01,4.425999999999999801e+01
2.899833631515502930e+01,4.000000000000000000e+01,4.447999999999999687e+01
2.999392580986022949e+01,4.000000000000000000e+01,4.479999999999999716e+01
3.099138545989990234e+01,4.000000000000000000e+01,4.528999999999999915e+01
3.198942828178405762e+01,4.000000000000000000e+01,4.567999999999999972e+01
3.299415755271911621e+01,4.000000000000000000e+01,4.621999999999999886e+01
3.399309706687927246e+01,4.000000000000000000e+01,4.660999999999999943e+01
3.498990988731384277e+01,4.000000000000000000e+01,4.678000000000000114e+01
3.598130702972412109e+01,4.000000000000000000e+01,4.724000000000000199e+01
3.698690700531005859e+01,4.000000000000000000e+01,4.772999999999999687e+01
3.798706150054931641e+01,4.000000000000000000e+01,4.767999999999999972e+01
3.898880958557128906e+01,4.000000000000000000e+01,4.821999999999999886e+01
3.998193860054016113e+01,4.000000000000000000e+01,4.871000000000000085e+01
4.097883152961730957e+01,4.000000000000000000e+01,4.879999999999999716e+01
4.197372007369995117e+01,4.000000000000000000e+01,4.917000000000000171e+01
4.296970200538635254e+01,4.000000000000000000e+01,4.965999999999999659e+01
4.396346974372863770e+01,4.000000000000000000e+01,5.017000000000000171e+01
4.495787072181701660e+01,4.000000000000000000e+01,5.059000000000000341e+01
4.596307706832885742e+01,4.000000000000000000e+01,5.111999999999999744e+01
4.695837831497192383e+01,4.000000000000000000e+01,5.121999999999999886e+01
4.795076513290405273e+01,4.000000000000000000e+01,5.164000000000000057e+01
4.894654273986816406e+01,4.000000000000000000e+01,5.207999999999999829e+01
4.994020199775695801e+01,4.000000000000000000e+01,5.250999999999999801e+01
5.093304657936096191e+01,4.000000000000000000e+01,5.297999999999999687e+01
5.192845892906188965e+01,4.000000000000000000e+01,5.310000000000000142e+01
5.292502355575561523e+01,4.000000000000000000e+01,5.359000000000000341e+01
5.392486834526062012e+01,4.000000000000000000e+01,5.407999999999999829e+01
5.492222285270690918e+01,4.000000000000000000e+01,5.425000000000000000e+01
5.591877627372741699e+01,4.000000000000000000e+01,5.449000000000000199e+01
5.691408157348632812e+01,4.000000000000000000e+01,5.496000000000000085e+01
5.791370153427124023e+01,4.000000000000000000e+01,5.504999999999999716e+01
5.890891194343566895e+01,4.000000000000000000e+01,5.549000000000000199e+01
5.990419745445251465e+01,4.000000000000000000e+01,5.603000000000000114e+01
6.090321493148803711e+01,4.000000000000000000e+01,5.646999999999999886e+01
6.189872193336486816e+01,4.000000000000000000e+01,5.674000000000000199e+01
6.289746928215026855e+01,4.000000000000000000e+01,5.710000000000000142e+01
6.388965392112731934e+01,4.000000000000000000e+01,5.750000000000000000e+01
6.488337516784667969e+01,4.000000000000000000e+01,5.797999999999999687e+01
6.588047218322753906e+01,4.000000000000000000e+01,5.845000000000000284e+01
6.687488961219787598e+01,4.000000000000000000e+01,5.853999999999999915e+01
6.786908698081970215e+01,4.000000000000000000e+01,5.893999999999999773e+01
6.886485552787780762e+01,4.000000000000000000e+01,5.915999999999999659e+01
6.985937190055847168e+01,4.000000000000000000e+01,5.938000000000000256e+01
7.085792422294616699e+01,4.000000000000000000e+01,5.971999999999999886e+01
7.185371494293212891e+01,4.000000000000000000e+01,5.996000000000000085e+01
7.284514832496643066e+01,4.000000000000000000e+01,6.039999999999999858e+01
7.384262895584106445e+01,4.000000000000000000e+01,6.090999999999999659e+01
7.483884429931640625e+01,4.000000000000000000e+01,6.132999999999999829e+01
7.583653092384338379e+01,4.000000000000000000e+01,6.186999999999999744e+01
7.683019614219665527e+01,4.000000000000000000e+01,6.178999999999999915e+01
7.782436966896057129e+01,4.000000000000000000e+01,6.238000000000000256e+01
7.882539272308349609e+01,4.000000000000000000e+01,6.264999999999999858e+01
7.982098126411437988e+01,4.000000000000000000e+01,6.286999999999999744e+01
8.081650829315185547e+01,4.000000000000000000e+01,6.325999999999999801e+01
8.180915307998657227e+01,4.000000000000000000e+01,6.357000000000000028e+01
8.280793857574462891e+01,4.000000000000000000e+01,6.384000000000000341e+01
8.381253981590270996e+01,4.000000000000000000e+01,6.423000000000000398e+01
8.481363058090209961e+01,4.000000000000000000e+01,6.479000000000000625e+01
8.580828022956848145e+01,4.000000000000000000e+01,6.526000000000000512e+01
8.681133985519409180e+01,4.000000000000000000e+01,6.559999999999999432e+01
8.780490875244140625e+01,4.000000000000000000e+01,6.579999999999999716e+01
8.879662156105041504e+01,4.000000000000000000e+01,6.628000000000000114e+01
8.979265189170837402e+01,4.000000000000000000e+01,6.676999999999999602e+01
9.078875160217285156e+01,4.000000000000000000e+01,6.715999999999999659e+01
9.178115367889404297e+01,4.000000000000000000e+01,6.771999999999999886e+01
9.277604627609252930e+01,4.000000000000000000e+01,6.806999999999999318e+01
9.377355384826660156e+01,4.000000000000000000e+01,6.823999999999999488e+01
9.476975798606872559e+01,4.000000000000000000e+01,6.862999999999999545e+01
9.576695084571838379e+01,4.000000000000000000e+01,6.912000000000000455e+01
9.676390266418457031e+01,4.000000000000000000e+01,6.948000000000000398e+01
9.775979661941528320e+01,4.000000000000000000e+01,6.965000000000000568e+01
9.875466871261596680e+01,4.000000000000000000e+01,7.018999999999999773e+01
9.975539135932922363e+01,4.000000000000000000e+01,7.068000000000000682e+01
1.007512812614440918e+02,4.000000000000000000e+01,7.073000000000000398e+01
1.017516105175018311e+02,4.000000000000000000e+01,7.114000000000000057e+01
1.027496509552001953e+02,4.000000000000000000e+01,7.114000000000000057e+01
1.037461717128753662e+02,4.000000000000000000e+01,7.156000000000000227e+01
1.047426941394805908e+02,4.000000000000000000e+01,7.187999999999999545e+01
1.057371206283569336e+02,4.000000000000000000e+01,7.212000000000000455e+01
1.067338862419128418e+02,4.000000000000000000e+01,7.262999999999999545e+01
1.077261974811553955e+02,4.000000000000000000e+01,7.304999999999999716e+01
1.087188785076141357e+02,4.000000000000000000e+01,7.356000000000000227e+01
1.097142903804779053e+02,4.000000000000000000e+01,7.382999999999999829e+01
1.107154486179351807e+02,4.000000000000000000e+01,7.417000000000000171e+01
1.117068638801574707e+02,4.000000000000000000e+01,7.451000000000000512e+01
1.127083361148834229e+02,4.000000000000000000e+01,7.500000000000000000e+01
1.137049746513366699e+02,4.000000000000000000e+01,7.556000000000000227e+01
1.147025699615478516e+02,4.000000000000000000e+01,7.595000000000000284e+01
1.156965301036834717e+02,4.000000000000000000e+01,7.603000000000000114e+01
1.166918592453002930e+02,4.000000000000000000e+01,7.654000000000000625e+01
1.176876769065856934e+02,4.000000000000000000e+01,7.645999999999999375e+01
1.186858735084533691e+02,4.000000000000000000e+01,7.651000000000000512e+01
1.196829674243927002e+02,4.000000000000000000e+01,7.703000000000000114e+01
1.206763236522674561e+02,4.000000000000000000e+01,7.695000000000000284e+01
1.216688492298126221e+02,4.000000000000000000e+01,7.746999999999999886e+01
1.226651117801666260e+02,4.000000000000000000e+01,7.798000000000000398e+01
1.236605727672576904e+02,4.000000000000000000e+01,7.803000000000000114e+01
1.246536364555358887e+02,4.000000000000000000e+01,7.848999999999999488e+01
1.256511363983154297e+02,4.000000000000000000e+01,7.887999999999999545e+01
1.266493360996246338e+02,4.000000000000000000e+01,7.887999999999999545e+01
1.276427502632141113e+02,4.000000000000000000e+01,7.931999999999999318e+01
1.286364536285400391e+02,4.000000000000000000e+01,7.942000000000000171e+01
1.296296250820159912e+02,4.000000000000000000e+01,7.979000000000000625e+01
1.306250810623168945e+02,4.000000000000000000e+01,7.995999999999999375e+01
1.316250805854797363e+02,4.000000000000000000e+01,8.043999999999999773e+01
1.326194911003112793e+02,4.000000000000000000e+01,8.062000000000000455e+01
1.336137113571166992e+02,4.000000000000000000e+01,8.093000000000000682e+01
1.346152381896972656e+02,4.000000000000000000e+01,8.142000000000000171e+01
1.356083536148071289e+02,4.000000000000000000e+01,8.187999999999999545e+01
1.366047039031982422e+02,4.000000000000000000e+01,8.234999999999999432e+01
1.376002228260040283e+02,4.000000000000000000e+01,8.254000000000000625e+01
1.385931327342987061e+02,4.000000000000000000e+01,8.289000000000000057e+01
1.395894358158111572e+02,4.000000000000000000e+01,8.328000000000000114e+01
1.405864140987396240e+02,4.000000000000000000e+01,8.376000000000000512e+01
1.415829687118530273e+02,4.000000000000000000e+01,8.389000000000000057e+01
1.425817563533782959e+02,4.000000000000000000e+01,8.434999999999999432e+01
1.435773682594299316e+02,4.000000000000000000e+01,8.473999999999999488e+01
1.445782508850097656e+02,4.000000000000000000e+01,8.479000000000000625e+01
1.455736355781555176e+02,4.000000000000000000e+01,8.532999999999999829e+01
1.465683710575103760e+02,4.000000000000000000e+01,8.523000000000000398e+01
1.475737385749816895e+02,4.000000000000000000e+01,8.576999999999999602e+01
1.485697474479675293e+02,4.000000000000000000e+01,8.581999999999999318e+01
1.495651149749755859e+02,4.000000000000000000e+01,8.620999999999999375e+01
1.505622656345367432e+02,4.000000000000000000e+01,8.629999999999999716e+01
1.515625691413879395e+02,4.000000000000000000e+01,8.676999999999999602e+01
1.525554082393646240e+02,4.000000000000000000e+01,8.718000000000000682e+01
1.535524232387542725e+02,4.000000000000000000e+01,8.728000000000000114e+01
1.545477783679962158e+02,4.000000000000000000e+01,8.751999999999999602e+01
1.555452899932861328e+02,4.000000000000000000e+01,8.767000000000000171e+01
1.565381362438201904e+02,4.000000000000000000e+01,8.820999999999999375e+01
1.575373637676239014e+02,4.000000000000000000e+01,8.826000000000000512e+01
1.585304744243621826e+02,4.000000000000000000e+01,8.875000000000000000e+01
1.595260047912597656e+02,4.000000000000000000e+01,8.865000000000000568e+01
1.605213704109191895e+02,4.000000000000000000e+01,8.898999999999999488e+01
1.615153825283050537e+02,4.000000000000000000e+01,8.918000000000000682e+01
1.625150623321533203e+02,4.000000000000000000e+01,8.914000000000000057e+01
1.635205054283142090e+02,4.000000000000000000e+01,8.935999999999999943e+01
1.645146889686584473e+02,4.000000000000000000e+01,8.967000000000000171e+01
1.655086841583251953e+02,4.000000000000000000e+01,8.971999999999999886e+01
1.665099256038665771e+02,4.000000000000000000e+01,9.020999999999999375e+01
1.675119194984436035e+02,4.000000000000000000e+01,9.015999999999999659e+01
1.685058128833770752e+02,4.000000000000000000e+01,9.070000000000000284e+01
1.694982662200927734e+02,4.000000000000000000e+01,9.070000000000000284e+01
1.704972612857818604e+02,4.000000000000000000e+01,9.118999999999999773e+01
1.714928138256072998e+02,4.000000000000000000e+01,9.148000000000000398e+01
1.724889822006225586e+02,4.000000000000000000e+01,9.167000000000000171e+01
1.734804203510284424e+02,4.000000000000000000e+01,9.218999999999999773e+01
1.744850835800170898e+02,4.000000000000000000e+01,9.215999999999999659e+01
1.754873745441436768e+02,4.000000000000000000e+01,9.235999999999999943e+01
1.764879937171936035e+02,4.000000000000000000e+01,9.257999999999999829e+01
1.774799392223358154e+02,4.000000000000000000e+01,9.259999999999999432e+01
1.784756262302398682e+02,4.000000000000000000e+01,9.281999999999999318e+01
1.794807071685791016e+02,4.000000000000000000e+01,9.314000000000000057e+01
1.804759757518768311e+02,4.000000000000000000e+01,9.309000000000000341e+01
1.814678595066070557e+02,4.000000000000000000e+01,9.337999999999999545e+01
1.824688174724578857e+02,4.000000000000000000e+01,9.353000000000000114e+01
1.834647631645202637e+02,4.000000000000000000e+01,9.406999999999999318e+01
1.844622316360473633e+02,4.000000000000000000e+01,9.412000000000000455e+01
1.854603257179260254e+02,4.000000000000000000e+01,9.412000000000000455e+01
1.864536409378051758e+02,4.000000000000000000e+01,9.418999999999999773e+01
1.874462304115295410e+02,4.000000000000000000e+01,9.453000000000000114e+01
1.884381310939788818e+02,4.000000000000000000e+01,9.457999999999999829e+01
1.894303443431854248e+02,4.000000000000000000e+01,9.451000000000000512e+01
1.904340379238128662e+02,4.000000000000000000e+01,9.459999999999999432e+01
1.914263935089111328e+02,4.000000000000000000e+01,9.504000000000000625e+01
1.924170534610748291e+02,4.000000000000000000e+01,9.506999999999999318e+01
1.934141495227813721e+02,4.000000000000000000e+01,9.523999999999999488e+01
1.944071154594421387e+02,4.000000000000000000e+01,9.509000000000000341e+01
1.954037611484527588e+02,4.000000000000000000e+01,9.509000000000000341e+01
1.963994138240814209e+02,4.000000000000000000e+01,9.500000000000000000e+01
1.974042544364929199e+02,4.000000000000000000e+01,9.509000000000000341e+01
1.984085497856140137e+02,4.000000000000000000e+01,9.543000000000000682e+01
1.994048764705657959e+02,4.000000000000000000e+01,9.557999999999999829e+01
2.004029114246368408e+02,4.000000000000000000e+01,9.557999999999999829e+01
2.013997251987457275e+02,4.000000000000000000e+01,9.562999999999999545e+01
2.024023880958557129e+02,4.000000000000000000e+01,9.606999999999999318e+01
2.033976578712463379e+02,4.000000000000000000e+01,9.604000000000000625e+01
2.044032216072082520e+02,4.000000000000000000e+01,9.596999999999999886e+01
2.053991568088531494e+02,4.000000000000000000e+01,9.601999999999999602e+01
2.063959863185882568e+02,4.000000000000000000e+01,9.606999999999999318e+01
2.073872976303100586e+02,4.000000000000000000e+01,9.612000000000000455e+01
2.083839628696441650e+02,4.000000000000000000e+01,9.609000000000000341e+01
2.093826541900634766e+02,4.000000000000000000e+01,9.651000000000000512e+01
2.103783617019653320e+02,4.000000000000000000e+01,9.656000000000000227e+01
2.113774306774139404e+02,4.000000000000000000e+01,9.704999999999999716e+01
2.123737409114837646e+02,4.000000000000000000e+01,9.704999999999999716e+01
2.133671324253082275e+02,4.000000000000000000e+01,9.753000000000000114e+01
2.143589570522308350e+02,4.000000000000000000e+01,9.753000000000000114e+01
2.153562433719635010e+02,4.000000000000000000e+01,9.757999999999999829e+01
2.163487067222595215e+02,4.000000000000000000e+01,9.792000000000000171e+01
2.173439412117004395e+02,4.000000000000000000e+01,9.795000000000000284e+01
2.183374383449554443e+02,4.000000000000000000e+01,9.801999999999999602e+01
2.193328802585601807e+02,4.000000000000000000e+01,9.834000000000000341e+01
2.203240222930908203e+02,4.000000000000000000e+01,9.845999999999999375e+01
2.213204579353332520e+02,4.000000000000000000e+01,9.900000000000000000e+01
2.223160772323608398e+02,4.000000000000000000e+01,9.890000000000000568e+01
2.233131563663482666e+02,4.000000000000000000e+01,9.940999999999999659e+01
2.243077013492584229e+02,4.000000000000000000e+01,9.940999999999999659e+01
2.253035712242126465e+02,4.000000000000000000e+01,9.998000000000000398e+01
2.262991003990173340e+02,4.000000000000000000e+01,9.998000000000000398e+01
2.272906770706176758e+02,4.000000000000000000e+01,9.998000000000000398e+01
2.282848691940307617e+02,4.000000000000000000e+01,9.995000000000000284e+01
2.292775022983551025e+02,4.000000000000000000e+01,9.990000000000000568e+01
2.302794191837310791e+02,4.000000000000000000e+01,1.003900000000000006e+02
2.312790665626525879e+02,4.000000000000000000e+01,1.004599999999999937e+02
2.322769403457641602e+02,4.000000000000000000e+01,1.006800000000000068e+02
2.332724974155426025e+02,4.000000000000000000e+01,1.009500000000000028e+02
2.342653679847717285e+02,4.000000000000000000e+01,1.013400000000000034e+02
2.352614173889160156e+02,4.000000000000000000e+01,1.014399999999999977e+02
2.362562656402587891e+02,4.000000000000000000e+01,1.010999999999999943e+02
2.372538530826568604e+02,4.000000000000000000e+01,1.010000000000000000e+02
2.382490313053131104e+02,4.000000000000000000e+01,1.009500000000000028e+02
2.392455871105194092e+02,4.000000000000000000e+01,1.004899999999999949e+02
2.402422335147857666e+02,4.000000000000000000e+01,1.003700000000000045e+02
2.412382152080535889e+02,4.000000000000000000e+01,1.006800000000000068e+02
2.422331120967864990e+02,4.000000000000000000e+01,1.008499999999999943e+02
2.432311532497406006e+02,4.000000000000000000e+01,1.008799999999999955e+02
2.442279355525970459e+02,4.000000000000000000e+01,1.012199999999999989e+02
2.452247231006622314e+02,4.000000000000000000e+01,1.014399999999999977e+02
2.462226176261901855e+02,4.000000000000000000e+01,1.014899999999999949e+02
2.472263498306274414e+02,4.000000000000000000e+01,1.019000000000000057e+02
2.482264809608459473e+02,4.000000000000000000e+01,1.018299999999999983e+02
2.492204241752624512e+02,4.000000000000000000e+01,1.019300000000000068e+02
2.502122495174407959e+02,4.000000000000000000e+01,1.024200000000000017e+02
2.512152516841888428e+02,4.000000000000000000e+01,1.024200000000000017e+02
2.522210783958435059e+02,4.000000000000000000e+01,1.029099999999999966e+02
2.532260162830352783e+02,4.000000000000000000e+01,1.032999999999999972e+02
2.542176351547241211e+02,4.000000000000000000e+01,1.033900000000000006e+02
2.552150733470916748e+02,4.000000000000000000e+01,1.038599999999999994e+02
2.562151241302490234e+02,4.000000000000000000e+01,1.038799999999999955e+02
2.572110102176666260e+02,4.000000000000000000e+01,1.038100000000000023e+02
2.582019853591918945e+02,4.000000000000000000e+01,1.037600000000000051e+02
2.591965188980102539e+02,4.000000000000000000e+01,1.033900000000000006e+02
2.601949028968811035e+02,4.000000000000000000e+01,1.033900000000000006e+02
2.611897952556610107e+02,4.000000000000000000e+01,1.028599999999999994e+02
2.621896502971649170e+02,4.000000000000000000e+01,1.028599999999999994e+02
2.631903834342956543e+02,4.000000000000000000e+01,1.029099999999999966e+02
2.641900348663330078e+02,4.000000000000000000e+01,1.033700000000000045e+02
2.651855881214141846e+02,4.000000000000000000e+01,1.033199999999999932e+02
2.661815769672393799e+02,4.000000000000000000e+01,1.038799999999999955e+02
2.671752703189849854e+02,4.000000000000000000e+01,1.038599999999999994e+02
2.681710152626037598e+02,4.000000000000000000e+01,1.043700000000000045e+02
2.691696019172668457e+02,4.000000000000000000e+01,1.048100000000000023e+02
2.701680080890655518e+02,4.000000000000000000e+01,1.048599999999999994e+02
2.711638824939727783e+02,4.000000000000000000e+01,1.049300000000000068e+02
2.721598637104034424e+02,4.000000000000000000e+01,1.053499999999999943e+02
2.731538555622100830e+02,4.000000000000000000e+01,1.055199999999999960e+02
2.741496937274932861e+02,4.000000000000000000e+01,1.058100000000000023e+02
2.751502311229705811e+02,4.000000000000000000e+01,1.058299999999999983e+02
2.761452102661132812e+02,4.000000000000000000e+01,1.058299999999999983e+02
2.771450340747833252e+02,4.000000000000000000e+01,1.058299999999999983e+02
2.781410517692565918e+02,4.000000000000000000e+01,1.057600000000000051e+02
2.791416463851928711e+02,4.000000000000000000e+01,1.057399999999999949e+02
2.801354687213897705e+02,4.000000000000000000e+01,1.058299999999999983e+02
2.811298956871032715e+02,4.000000000000000000e+01,1.057399999999999949e+02
2.821261394023895264e+02,4.000000000000000000e+01,1.053499999999999943e+02
2.831225440502166748e+02,4.000000000000000000e+01,1.048599999999999994e+02
2.841193032264709473e+02,4.000000000000000000e+01,1.043199999999999932e+02
2.851171970367431641e+02,4.000000000000000000e+01,1.042500000000000000e+02
2.861137771606445312e+02,4.000000000000000000e+01,1.038799999999999955e+02
2.871095595359802246e+02,4.000000000000000000e+01,1.038100000000000023e+02
2.881053791046142578e+02,4.000000000000000000e+01,1.033400000000000034e+02
2.891034924983978271e+02,4.000000000000000000e+01,1.033700000000000045e+02
2.900988249778747559e+02,4.000000000000000000e+01,1.031299999999999955e+02
2.910965020656585693e+02,4.000000000000000000e+01,1.032999999999999972e+02
2.920963857173919678e+02,4.000000000000000000e+01,1.038599999999999994e+02
2.930935742855072021e+02,4.000000000000000000e+01,1.038299999999999983e+02
2.940954487323760986e+02,4.000000000000000000e+01,1.038799999999999955e+02
2.950909361839294434e+02,4.000000000000000000e+01,1.041299999999999955e+02
2.960862646102905273e+02,4.000000000000000000e+01,1.043700000000000045e+02
2.970835053920745850e+02,4.000000000000000000e+01,1.043499999999999943e+02
2.980818684101104736e+02,4.000000000000000000e+01,1.043199999999999932e+02
2.990751094818115234e+02,4.000000000000000000e+01,1.043700000000000045e+02
3.000664427280426025e+02,4.000000000000000000e+01,1.043700000000000045e+02
3.010627167224884033e+02,4.000000000000000000e+01,1.045900000000000034e+02
3.020544002056121826e+02,4.000000000000000000e+01,1.048599999999999994e+02
3.030462815761566162e+02,4.000000000000000000e+01,1.048599999999999994e+02
3.040416390895843506e+02,4.000000000000000000e+01,1.047900000000000063e+02
3.050338819026947021e+02,4.000000000000000000e+01,1.048100000000000023e+02
3.060320565700531006e+02,4.000000000000000000e+01,1.047900000000000063e+02
3.070327074527740479e+02,4.000000000000000000e+01,1.053499999999999943e+02
3.080287427902221680e+02,4.000000000000000000e+01,1.052699999999999960e+02
3.090234930515289307e+02,4.000000000000000000e+01,1.057900000000000063e+02
3.100247535705566406e+02,4.000000000000000000e+01,1.058299999999999983e+02
3.110164856910705566e+02,4.000000000000000000e+01,1.058100000000000023e+02
3.120126171112060547e+02,4.000000000000000000e+01,1.060100000000000051e+02
3.130086636543273926e+02,4.000000000000000000e+01,1.062300000000000040e+02
3.139993381500244141e+02,4.000000000000000000e+01,1.062300000000000040e+02
3.149940187931060791e+02,4.000000000000000000e+01,1.063199999999999932e+02
3.159928958415985107e+02,4.000000000000000000e+01,1.063199999999999932e+02
3.169898467063903809e+02,4.000000000000000000e+01,1.062699999999999960e+02
3.179807863235473633e+02,4.000000000000000000e+01,1.062699999999999960e+02
3.189730925559997559e+02,4.000000000000000000e+01,1.063199999999999932e+02
3.199703867435455322e+02,4.000000000000000000e+01,1.063199999999999932e+02
3.209649183750152588e+02,4.000000000000000000e+01,1.060499999999999972e+02
3.219638471603393555e+02,4.000000000000000000e+01,1.058299999999999983e+02
3.229650576114654541e+02,4.000000000000000000e+01,1.056899999999999977e+02
3.239696273803710938e+02,4.000000000000000000e+01,1.058299999999999983e+02
3.249657559394836426e+02,4.000000000000000000e+01,1.058299999999999983e+02
3.259646849632263184e+02,4.000000000000000000e+01,1.061800000000000068e+02
3.269646427631378174e+02,4.000000000000000000e+01,1.062699999999999960e+02
3.279599270820617676e+02,4.000000000000000000e+01,1.064500000000000028e+02
3.289650013446807861e+02,4.000000000000000000e+01,1.068100000000000023e+02
3.299648213386535645e+02,4.000000000000000000e+01,1.070600000000000023e+02
3.309560041427612305e+02,4.000000000000000000e+01,1.072500000000000000e+02
3.319497179985046387e+02,4.000000000000000000e+01,1.077399999999999949e+02
3.329476048946380615e+02,4.000000000000000000e+01,1.081299999999999955e+02
3.339406902790069580e+02,4.000000000000000000e+01,1.081800000000000068e+02
3.349384241104125977e+02,4.000000000000000000e+01,1.081800000000000068e+02
3.359342267513275146e+02,4.000000000000000000e+01,1.083299999999999983e+02
3.369300985336303711e+02,4.000000000000000000e+01,1.082800000000000011e+02
3.379254131317138672e+02,4.000000000000000000e+01,1.082300000000000040e+02
3.389173517227172852e+02,4.000000000000000000e+01,1.082300000000000040e+02
3.399099342823028564e+02,4.000000000000000000e+01,1.081800000000000068e+02
3.409073667526245117e+02,4.000000000000000000e+01,1.080300000000000011e+02
3.419047908782958984e+02,4.000000000000000000e+01,1.080100000000000051e+02
3.429081835746765137e+02,4.000000000000000000e+01,1.082500000000000000e+02
3.438994822502136230e+02,4.000000000000000000e+01,1.082800000000000011e+02
3.448975138664245605e+02,4.000000000000000000e+01,1.086899999999999977e+02
3.458893127441406250e+02,4.000000000000000000e+01,1.087600000000000051e+02
3.468864312171936035e+02,4.000000000000000000e+01,1.090300000000000011e+02
3.478841686248779297e+02,4.000000000000000000e+01,1.091599999999999966e+02
3.488758118152618408e+02,4.000000000000000000e+01,1.092500000000000000e+02
3.498705537319183350e+02,4.000000000000000000e+01,1.092500000000000000e+02
3.508624768257141113e+02,4.000000000000000000e+01,1.092000000000000028e+02
3.518535292148590088e+02,4.000000000000000000e+01,1.091599999999999966e+02
3.528498313426971436e+02,4.000000000000000000e+01,1.092000000000000028e+02
3.538424756526947021e+02,4.000000000000000000e+01,1.092500000000000000e+02
3.548398497104644775e+02,4.000000000000000000e+01,1.092500000000000000e+02
3.558357977867126465e+02,4.000000000000000000e+01,1.095199999999999960e+02
3.568305242061614990e+02,4.000000000000000000e+01,1.097399999999999949e+02
3.578281824588775635e+02,4.000000000000000000e+01,1.097399999999999949e+02
3.588272385597229004e+02,4.000000000000000000e+01,1.097399999999999949e+02
3.598218202590942383e+02,4.000000000000000000e+01,1.096400000000000006e+02
3.608256351947784424e+02,4.000000000000000000e+01,1.097399999999999949e+02
3.618235135078430176e+02,4.000000000000000000e+01,1.096899999999999977e+02
3.628225245475769043e+02,4.000000000000000000e+01,1.097399999999999949e+02
3.638176293373107910e+02,4.000000000000000000e+01,1.097399999999999949e+02
3.648100965023040771e+02,4.000000000000000000e+01,1.096200000000000045e+02
3.658099622726440430e+02,4.000000000000000000e+01,1.092300000000000040e+02
3.668072178363800049e+02,4.000000000000000000e+01,1.092000000000000028e+02
3.678065073490142822e+02,4.000000000000000000e+01,1.092300000000000040e+02
3.688041462898254395e+02,4.000000000000000000e+01,1.092500000000000000e+02
3.697959532737731934e+02,4.000000000000000000e+01,1.091599999999999966e+02
3.707923338413238525e+02,4.000000000000000000e+01,1.092500000000000000e+02
3.717897963523864746e+02,4.000000000000000000e+01,1.092500000000000000e+02
3.727873196601867676e+02,4.000000000000000000e+01,1.088599999999999994e+02
3.737809956073760986e+02,4.000000000000000000e+01,1.087600000000000051e+02
3.747827720642089844e+02,4.000000000000000000e+01,1.085900000000000034e+02
3.757787263393402100e+02,4.000000000000000000e+01,1.086700000000000017e+02
3.767732601165771484e+02,4.000000000000000000e+01,1.086700000000000017e+02
3.777691795825958252e+02,4.000000000000000000e+01,1.087600000000000051e+02
3.787650060653686523e+02,4.000000000000000000e+01,1.087199999999999989e+02
3.797589056491851807e+02,4.000000000000000000e+01,1.087900000000000063e+02
3.807540965080261230e+02,4.000000000000000000e+01,1.087199999999999989e+02
3.817517917156219482e+02,4.000000000000000000e+01,1.086700000000000017e+02
3.827514669895172119e+02,4.000000000000000000e+01,1.087199999999999989e+02
3.837484776973724365e+02,4.000000000000000000e+01,1.091800000000000068e+02
3.847528359889984131e+02,4.000000000000000000e+01,1.092500000000000000e+02
3.857434010505676270e+02,4.000000000000000000e+01,1.097399999999999949e+02
3.867348866462707520e+02,4.000000000000000000e+01,1.097399999999999949e+02
3.877332508563995361e+02,4.000000000000000000e+01,1.102099999999999937e+02
3.887319281101226807e+02,4.000000000000000000e+01,1.102099999999999937e+02
3.897289481163024902e+02,4.000000000000000000e+01,1.106400000000000006e+02
3.907259833812713623e+02,4.000000000000000000e+01,1.106899999999999977e+02
3.917195594310760498e+02,4.000000000000000000e+01,1.104500000000000028e+02
3.927124140262603760e+02,4.000000000000000000e+01,1.102300000000000040e+02
3.937117495536804199e+02,4.000000000000000000e+01,1.097399999999999949e+02
3.947040719985961914e+02,4.000000000000000000e+01,1.097399999999999949e+02
3.956980497837066650e+02,4.000000000000000000e+01,1.094000000000000057e+02
3.966958806514739990e+02,4.000000000000000000e+01,1.096899999999999977e+02
3.976918478012084961e+02,4.000000000000000000e+01,1.097399999999999949e+02
3.986871266365051270e+02,4.000000000000000000e+01,1.101099999999999994e+02
3.996804518699645996e+02,4.000000000000000000e+01,1.102300000000000040e+02
4.006723282337188721e+02,4.000000000000000000e+01,1.102300000000000040e+02
4.016633610725402832e+02,4.000000000000000000e+01,1.102300000000000040e+02
4.026614577770233154e+02,4.000000000000000000e+01,1.107199999999999989e+02
4.036526842117309570e+02,4.000000000000000000e+01,1.107199999999999989e+02
4.046484844684600830e+02,4.000000000000000000e+01,1.106700000000000017e+02
4.056395564079284668e+02,4.000000000000000000e+01,1.107199999999999989e+02
4.066361758708953857e+02,4.000000000000000000e+01,1.101599999999999966e+02
4.076342284679412842e+02,4.000000000000000000e+01,1.104500000000000028e+02
4.086320667266845703e+02,4.000000000000000000e+01,1.107199999999999989e+02
4.096291935443878174e+02,4.000000000000000000e+01,1.107199999999999989e+02
4.106272723674774170e+02,4.000000000000000000e+01,1.112099999999999937e+02
4.116231565475463867e+02,4.000000000000000000e+01,1.115199999999999960e+02
4.126201474666595459e+02,4.000000000000000000e+01,1.116899999999999977e+02
4.136258795261383057e+02,4.000000000000000000e+01,1.120600000000000023e+02
4.146259770393371582e+02,4.000000000000000000e+01,1.121800000000000068e+02
4.156170120239257812e+02,4.000000000000000000e+01,1.121599999999999966e+02
4.166107065677642822e+02,4.000000000000000000e+01,1.120799999999999983e+02
4.176051547527313232e+02,4.000000000000000000e+01,1.126700000000000017e+02
4.186018037796020508e+02,4.000000000000000000e+01,1.126700000000000017e+02
4.196061875820159912e+02,4.000000000000000000e+01,1.126200000000000045e+02
4.206061007976531982e+02,4.000000000000000000e+01,1.126500000000000057e+02
4.215974514484405518e+02,4.000000000000000000e+01,1.126200000000000045e+02
4.225949327945709229e+02,4.000000000000000000e+01,1.126700000000000017e+02
4.235902454853057861e+02,4.000000000000000000e+01,1.126700000000000017e+02
4.245862646102905273e+02,4.000000000000000000e+01,1.125699999999999932e+02
4.255839629173278809e+02,4.000000000000000000e+01,1.121599999999999966e+02
4.265767397880554199e+02,4.000000000000000000e+01,1.121099999999999994e+02
4.275717759132385254e+02,4.000000000000000000e+01,1.118900000000000006e+02
4.285674419403076172e+02,4.000000000000000000e+01,1.120400000000000063e+02
4.295636813640594482e+02,4.000000000000000000e+01,1.120799999999999983e+02
4.305552051067352295e+02,4.000000000000000000e+01,1.121099999999999994e+02
4.315517334938049316e+02,4.000000000000000000e+01,1.121299999999999955e+02
4.325503942966461182e+02,4.000000000000000000e+01,1.121800000000000068e+02
4.335437409877777100e+02,4.000000000000000000e+01,1.121299999999999955e+02
4.345379986763000488e+02,4.000000000000000000e+01,1.121800000000000068e+02
4.355324797630310059e+02,4.000000000000000000e+01,1.121800000000000068e+02
4.365270369052886963e+02,4.000000000000000000e+01,1.117199999999999989e+02
4.375285172462463379e+02,4.000000000000000000e+01,1.117399999999999949e+02
4.385293509960174561e+02,4.000000000000000000e+01,1.116700000000000017e+02
4.395263068675994873e+02,4.000000000000000000e+01,1.116200000000000045e+02
4.405230143070220947e+02,4.000000000000000000e+01,1.112500000000000000e+02
4.415163605213165283e+02,4.000000000000000000e+01,1.115499999999999972e+02
4.425163888931274414e+02,4.000000000000000000e+01,1.116899999999999977e+02
4.435144305229187012e+02,4.000000000000000000e+01,1.116899999999999977e+02
4.445126385688781738e+02,4.000000000000000000e+01,1.121099999999999994e+02
4.455072238445281982e+02,4.000000000000000000e+01,1.121599999999999966e+02
4.465016191005706787e+02,4.000000000000000000e+01,1.121800000000000068e+02
4.474956467151641846e+02,4.000000000000000000e+01,1.121299999999999955e+02
4.484903924465179443e+02,4.000000000000000000e+01,1.119899999999999949e+02
4.494961721897125244e+02,4.000000000000000000e+01,1.115999999999999943e+02
4.504963142871856689e+02,4.000000000000000000e+01,1.116700000000000017e+02
4.514927375316619873e+02,4.000000000000000000e+01,1.116500000000000057e+02
4.524879240989685059e+02,4.000000000000000000e+01,1.116899999999999977e+02
4.534792442321777344e+02,4.000000000000000000e+01,1.116899999999999977e+02
4.544847207069396973e+02,4.000000000000000000e+01,1.116899999999999977e+02
4.554860942363739014e+02,4.000000000000000000e+01,1.116899999999999977e+02
4.564860637187957764e+02,4.000000000000000000e+01,1.113799999999999955e+02
4.574773569107055664e+02,4.000000000000000000e+01,1.111800000000000068e+02
4.584749419689178467e+02,4.000000000000000000e+01,1.112099999999999937e+02
4.594674074649810791e+02,4.000000000000000000e+01,1.116899999999999977e+02
4.604660243988037109e+02,4.000000000000000000e+01,1.120400000000000063e+02
4.614642732143402100e+02,4.000000000000000000e+01,1.121800000000000068e+02
4.624566252231597900e+02,4.000000000000000000e+01,1.121299999999999955e+02
4.634502408504486084e+02,4.000000000000000000e+01,1.118700000000000045e+02
4.644436576366424561e+02,4.000000000000000000e+01,1.121299999999999955e+02
4.654430963993072510e+02,4.000000000000000000e+01,1.116899999999999977e+02
4.664359531402587891e+02,4.000000000000000000e+01,1.115999999999999943e+02
4.674334805011749268e+02,4.000000000000000000e+01,1.116500000000000057e+02
4.684313812255859375e+02,4.000000000000000000e+01,1.116500000000000057e+02
4.694243001937866211e+02,4.000000000000000000e+01,1.116200000000000045e+02
4.704228770732879639e+02,4.000000000000000000e+01,1.116500000000000057e+02
4.714216036796569824e+02,4.000000000000000000e+01,1.116700000000000017e+02
4.724198276996612549e+02,4.000000000000000000e+01,1.120600000000000023e+02
4.734172179698944092e+02,4.000000000000000000e+01,1.121800000000000068e+02
4.744125337600708008e+02,4.000000000000000000e+01,1.121299999999999955e+02
4.754063205718994141e+02,4.000000000000000000e+01,1.126500000000000057e+02
4.764025149345397949e+02,4.000000000000000000e+01,1.126200000000000045e+02
4.773984019756317139e+02,4.000000000000000000e+01,1.131599999999999966e+02
4.783896753787994385e+02,4.000000000000000000e+01,1.128400000000000034e+02
4.793885753154754639e+02,4.000000000000000000e+01,1.131599999999999966e+02
4.803845717906951904e+02,4.000000000000000000e+01,1.130100000000000051e+02
4.813820629119873047e+02,4.000000000000000000e+01,1.126200000000000045e+02
4.823816277980804443e+02,4.000000000000000000e+01,1.124800000000000040e+02
4.833760552406311035e+02,4.000000000000000000e+01,1.121800000000000068e+02
4.843684415817260742e+02,4.000000000000000000e+01,1.116899999999999977e+02
4.853606452941894531e+02,4.000000000000000000e+01,1.115999999999999943e+02
4.863620464801788330e+02,4.000000000000000000e+01,1.116500000000000057e+02
4.873568100929260254e+02,4.000000000000000000e+01,1.117900000000000063e+02
4.883512344360351562e+02,4.000000000000000000e+01,1.116200000000000045e+02
4.893429262638092041e+02,4.000000000000000000e+01,1.116899999999999977e+02
4.903386149406433105e+02,4.000000000000000000e+01,1.115999999999999943e+02
4.913412065505981445e+02,4.000000000000000000e+01,1.116700000000000017e+02
4.923352663516998291e+02,4.000000000000000000e+01,1.116500000000000057e+02
4.933318116664886475e+02,4.000000000000000000e+01,1.120100000000000051e+02
4.943285605907440186e+02,4.000000000000000000e+01,1.121099999999999994e+02
4.953270647525787354e+02,4.000000000000000000e+01,1.123799999999999955e+02
4.963227782249450684e+02,4.000000000000000000e+01,1.126700000000000017e+02
4.973210365772247314e+02,4.000000000000000000e+01,1.121800000000000068e+02
4.983197474479675293e+02,4.000000000000000000e+01,1.121800000000000068e+02
4.993168587684631348e+02,4.000000000000000000e+01,1.117900000000000063e+02
5.003092439174652100e+02,4.000000000000000000e+01,1.116899999999999977e+02
5.013052997589111328e+02,4.000000000000000000e+01,1.119599999999999937e+02
5.023023085594177246e+02,4.000000000000000000e+01,1.120799999999999983e+02
5.032990510463714600e+02,4.000000000000000000e+01,1.124800000000000040e+02
5.042945137023925781e+02,4.000000000000000000e+01,1.126500000000000057e+02
5.052904367446899414e+02,4.000000000000000000e+01,1.126200000000000045e+02
5.062865650653839111e+02,4.000000000000000000e+01,1.122600000000000051e+02
5.072825784683227539e+02,4.000000000000000000e+01,1.124500000000000028e+02
5.082757244110107422e+02,4.000000000000000000e+01,1.122300000000000040e+02
5.092680635452270508e+02,4.000000000000000000e+01,1.126700000000000017e+02
5.102628300189971924e+02,4.000000000000000000e+01,1.125699999999999932e+02
5.112573144435882568e+02,4.000000000000000000e+01,1.126700000000000017e+02
5.122540707588195801e+02,4.000000000000000000e+01,1.126700000000000017e+02
5.132530193328857422e+02,4.000000000000000000e+01,1.126200000000000045e+02
5.142447178363800049e+02,4.000000000000000000e+01,1.129200000000000017e+02
5.152406253814697266e+02,4.000000000000000000e+01,1.130600000000000023e+02
5.162334156036376953e+02,4.000000000000000000e+01,1.131599999999999966e+02
5.172302217483520508e+02,4.000000000000000000e+01,1.130900000000000034e+02
5.182305943965911865e+02,4.000000000000000000e+01,1.126200000000000045e+02
5.192299649715423584e+02,4.000000000000000000e+01,1.125999999999999943e+02
5.202262613773345947e+02,4.000000000000000000e+01,1.122300000000000040e+02
5.212201876640319824e+02,4.000000000000000000e+01,1.116899999999999977e+02
5.222121379375457764e+02,4.000000000000000000e+01,1.116899999999999977e+02
5.232089765071868896e+02,4.000000000000000000e+01,1.116700000000000017e+02
5.242151200771331787e+02,4.000000000000000000e+01,1.119899999999999949e+02
5.252205948829650879e+02,4.000000000000000000e+01,1.121800000000000068e+02
5.262126805782318115e+02,4.000000000000000000e+01,1.120799999999999983e+02
5.272071413993835449e+02,4.000000000000000000e+01,1.121800000000000068e+02
5.281976780891418457e+02,4.000000000000000000e+01,1.121599999999999966e+02
5.291968574523925781e+02,4.000000000000000000e+01,1.121800000000000068e+02
5.301902961730957031e+02,4.000000000000000000e+01,1.121599999999999966e+02
5.311818070411682129e+02,4.000000000000000000e+01,1.122300000000000040e+02
5.321750876903533936e+02,4.000000000000000000e+01,1.120799999999999983e+02
5.331664404869079590e+02,4.000000000000000000e+01,1.120799999999999983e+02
5.341663463115692139e+02,4.000000000000000000e+01,1.121599999999999966e+02
5.351698102951049805e+02,4.000000000000000000e+01,1.121599999999999966e+02
5.361653959751129150e+02,4.000000000000000000e+01,1.121800000000000068e+02
5.371583929061889648e+02,4.000000000000000000e+01,1.125699999999999932e+02
5.381495242118835449e+02,4.000000000000000000e+01,1.123499999999999943e+02
5.391451339721679688e+02,4.000000000000000000e+01,1.121599999999999966e+02
5.401427428722381592e+02,4.000000000000000000e+01,1.120799999999999983e+02
5.411401724815368652e+02,4.000000000000000000e+01,1.116700000000000017e+02
5.421341369152069092e+02,4.000000000000000000e+01,1.115999999999999943e+02
5.431310687065124512e+02,4.000000000000000000e+01,1.119399999999999977e+02
5.441262607574462891e+02,4.000000000000000000e+01,1.117199999999999989e+02
5.451198477745056152e+02,4.000000000000000000e+01,1.116200000000000045e+02
5.461127686500549316e+02,4.000000000000000000e+01,1.116700000000000017e+02
5.471065435409545898e+02,4.000000000000000000e+01,1.116899999999999977e+02
5.481113004684448242e+02,4.000000000000000000e+01,1.116700000000000017e+02
5.491073296070098877e+02,4.000000000000000000e+01,1.116899999999999977e+02
5.501080417633056641e+02,4.000000000000000000e+01,1.111299999999999955e+02
5.511133811473846436e+02,4.000000000000000000e+01,1.111800000000000068e+02
5.521083190441131592e+02,4.000000000000000000e+01,1.111299999999999955e+02
5.531047458648681641e+02,4.000000000000000000e+01,1.111099999999999994e+02
5.541013617515563965e+02,4.000000000000000000e+01,1.107199999999999989e+02
5.550923969745635986e+02,4.000000000000000000e+01,1.105199999999999960e+02
5.560881557464599609e+02,4.000000000000000000e+01,1.102999999999999972e+02
5.570839202404022217e+02,4.000000000000000000e+01,1.106899999999999977e+02
5.580800578594207764e+02,4.000000000000000000e+01,1.107199999999999989e+02
5.590749847888946533e+02,4.000000000000000000e+01,1.106400000000000006e+02
5.600739567279815674e+02,4.000000000000000000e+01,1.106200000000000045e+02
5.610650756359100342e+02,4.000000000000000000e+01,1.110400000000000063e+02
5.620616085529327393e+02,4.000000000000000000e+01,1.111599999999999966e+02
5.630647008419036865e+02,4.000000000000000000e+01,1.111299999999999955e+02
5.640637695789337158e+02,4.000000000000000000e+01,1.112800000000000011e+02
5.650630357265472412e+02,4.000000000000000000e+01,1.112099999999999937e+02
5.660636081695556641e+02,4.000000000000000000e+01,1.112099999999999937e+02
5.670638480186462402e+02,4.000000000000000000e+01,1.110600000000000023e+02
5.680563354492187500e+02,4.000000000000000000e+01,1.107199999999999989e+02
5.690518445968627930e+02,4.000000000000000000e+01,1.106899999999999977e+02
5.700433106422424316e+02,4.000000000000000000e+01,1.102500000000000000e+02
5.710398347377777100e+02,4.000000000000000000e+01,1.102300000000000040e+02
5.720323092937469482e+02,4.000000000000000000e+01,1.102099999999999937e+02
5.730274543762207031e+02,4.000000000000000000e+01,1.101800000000000068e+02
5.740260396003723145e+02,4.000000000000000000e+01,1.104200000000000017e+02
5.750212242603302002e+02,4.000000000000000000e+01,1.107199999999999989e+02
5.760249695777893066e+02,4.000000000000000000e+01,1.107199999999999989e+02
5.770210824012756348e+02,4.000000000000000000e+01,1.112099999999999937e+02
5.780178594589233398e+02,4.000000000000000000e+01,1.113299999999999983e+02
5.790152387619018555e+02,4.000000000000000000e+01,1.116200000000000045e+02
5.800082068443298340e+02,4.000000000000000000e+01,1.116899999999999977e+02
5.810010840892791748e+02,4.000000000000000000e+01,1.116899999999999977e+02
5.820023658275604248e+02,4.000000000000000000e+01,1.115999999999999943e+02
5.830026261806488037e+02,4.000000000000000000e+01,1.121099999999999994e+02
5.839983901977539062e+02,4.000000000000000000e+01,1.121800000000000068e+02
5.849959733486175537e+02,4.000000000000000000e+01,1.126500000000000057e+02
5.859927921295166016e+02,4.000000000000000000e+01,1.125699999999999932e+02
5.869885523319244385e+02,4.000000000000000000e+01,1.126700000000000017e+02
5.879931304454803467e+02,4.000000000000000000e+01,1.126700000000000017e+02
5.889881670475006104e+02,4.000000000000000000e+01,1.127699999999999960e+02
5.899839708805084229e+02,4.000000000000000000e+01,1.131599999999999966e+02
5.909810440540313721e+02,4.000000000000000000e+01,1.131599999999999966e+02
5.919790987968444824e+02,4.000000000000000000e+01,1.131599999999999966e+02
5.929738657474517822e+02,4.000000000000000000e+01,1.132600000000000051e+02
5.939667465686798096e+02,4.000000000000000000e+01,1.133100000000000023e+02
5.949617764949798584e+02,4.000000000000000000e+01,1.136500000000000057e+02
5.959596865177154541e+02,4.000000000000000000e+01,1.136500000000000057e+02
