Time (sec),  Heater (%),  Temperature (C)
0.000000000000000000e+00,0.000000000000000000e+00,2.607999999999999829e+01
1.003515005111694336e+00,0.000000000000000000e+00,2.607999999999999829e+01
1.999049425125122070e+00,0.000000000000000000e+00,2.607999999999999829e+01
2.998489856719970703e+00,0.000000000000000000e+00,2.607999999999999829e+01
3.996844053268432617e+00,0.000000000000000000e+00,2.607999999999999829e+01
4.999727725982666016e+00,0.000000000000000000e+00,2.607999999999999829e+01
6.002709865570068359e+00,0.000000000000000000e+00,2.607999999999999829e+01
6.993948221206665039e+00,0.000000000000000000e+00,2.607000000000000028e+01
7.989544391632080078e+00,0.000000000000000000e+00,2.607999999999999829e+01
8.991368293762207031e+00,0.000000000000000000e+00,2.607000000000000028e+01
9.991393566131591797e+00,4.000000000000000000e+01,2.607000000000000028e+01
1.099064087867736816e+01,4.000000000000000000e+01,2.596000000000000085e+01
1.199217915534973145e+01,4.000000000000000000e+01,2.598999999999999844e+01
1.299080395698547363e+01,4.000000000000000000e+01,2.596999999999999886e+01
1.399223327636718750e+01,4.000000000000000000e+01,2.607999999999999829e+01
1.498751020431518555e+01,4.000000000000000000e+01,2.626999999999999957e+01
1.598305940628051758e+01,4.000000000000000000e+01,2.630999999999999872e+01
1.698191881179809570e+01,4.000000000000000000e+01,2.655999999999999872e+01
1.798425865173339844e+01,4.000000000000000000e+01,2.667000000000000171e+01
1.897721409797668457e+01,4.000000000000000000e+01,2.696000000000000085e+01
1.996823668479919434e+01,4.000000000000000000e+01,2.707000000000000028e+01
2.097104954719543457e+01,4.000000000000000000e+01,2.732999999999999829e+01
2.196826434135437012e+01,4.000000000000000000e+01,2.760000000000000142e+01
2.296938896179199219e+01,4.000000000000000000e+01,2.789000000000000057e+01
2.397061324119567871e+01,4.000000000000000000e+01,2.803999999999999915e+01
2.496709609031677246e+01,4.000000000000000000e+01,2.830000000000000071e+01
2.596944427490234375e+01,4.000000000000000000e+01,2.855999999999999872e+01
2.696037173271179199e+01,4.000000000000000000e+01,2.887999999999999901e+01
2.795927643775939941e+01,4.000000000000000000e+01,2.917999999999999972e+01
2.895984077453613281e+01,4.000000000000000000e+01,2.937999999999999901e+01
2.995702695846557617e+01,4.000000000000000000e+01,2.962999999999999901e+01
3.095771265029907227e+01,4.000000000000000000e+01,2.992000000000000171e+01
3.195658206939697266e+01,4.000000000000000000e+01,3.017999999999999972e+01
3.296120405197143555e+01,4.000000000000000000e+01,3.048000000000000043e+01
3.396269631385803223e+01,4.000000000000000000e+01,3.080000000000000071e+01
3.496199417114257812e+01,4.000000000000000000e+01,3.110999999999999943e+01
3.596232771873474121e+01,4.000000000000000000e+01,3.135000000000000142e+01
3.696409416198730469e+01,4.000000000000000000e+01,3.162999999999999901e+01
3.796819949150085449e+01,4.000000000000000000e+01,3.189000000000000057e+01
3.896794033050537109e+01,4.000000000000000000e+01,3.221000000000000085e+01
3.996892690658569336e+01,4.000000000000000000e+01,3.250000000000000000e+01
4.096666073799133301e+01,4.000000000000000000e+01,3.279999999999999716e+01
4.196722388267517090e+01,4.000000000000000000e+01,3.307000000000000028e+01
4.296570801734924316e+01,4.000000000000000000e+01,3.342000000000000171e+01
4.396726179122924805e+01,4.000000000000000000e+01,3.374000000000000199e+01
4.496449065208435059e+01,4.000000000000000000e+01,3.402000000000000313e+01
4.596785187721252441e+01,4.000000000000000000e+01,3.435999999999999943e+01
4.696983265876770020e+01,4.000000000000000000e+01,3.467999999999999972e+01
4.796971726417541504e+01,4.000000000000000000e+01,3.499000000000000199e+01
4.896871972084045410e+01,4.000000000000000000e+01,3.529999999999999716e+01
4.996797370910644531e+01,4.000000000000000000e+01,3.559000000000000341e+01
5.097052454948425293e+01,4.000000000000000000e+01,3.579999999999999716e+01
5.197335052490234375e+01,4.000000000000000000e+01,3.607000000000000028e+01
5.297632288932800293e+01,4.000000000000000000e+01,3.635999999999999943e+01
5.397779059410095215e+01,4.000000000000000000e+01,3.671000000000000085e+01
5.498261427879333496e+01,4.000000000000000000e+01,3.696999999999999886e+01
5.598170137405395508e+01,4.000000000000000000e+01,3.727000000000000313e+01
5.698317527770996094e+01,4.000000000000000000e+01,3.757999999999999829e+01
5.798442363739013672e+01,4.000000000000000000e+01,3.789999999999999858e+01
5.898447704315185547e+01,4.000000000000000000e+01,3.821000000000000085e+01
5.998779726028442383e+01,4.000000000000000000e+01,3.853000000000000114e+01
6.098935580253601074e+01,4.000000000000000000e+01,3.885999999999999943e+01
6.199173879623413086e+01,4.000000000000000000e+01,3.918999999999999773e+01
6.299686551094055176e+01,4.000000000000000000e+01,3.949000000000000199e+01
6.399637937545776367e+01,4.000000000000000000e+01,3.982000000000000028e+01
6.499485898017883301e+01,4.000000000000000000e+01,4.009000000000000341e+01
6.600031566619873047e+01,4.000000000000000000e+01,4.036999999999999744e+01
6.700061464309692383e+01,4.000000000000000000e+01,4.064000000000000057e+01
6.799861979484558105e+01,4.000000000000000000e+01,4.092000000000000171e+01
6.900449299812316895e+01,4.000000000000000000e+01,4.117999999999999972e+01
7.000438523292541504e+01,4.000000000000000000e+01,4.147999999999999687e+01
7.100741958618164062e+01,4.000000000000000000e+01,4.177000000000000313e+01
7.199948287010192871e+01,4.000000000000000000e+01,4.207000000000000028e+01
7.299200534820556641e+01,4.000000000000000000e+01,4.240999999999999659e+01
7.399333763122558594e+01,4.000000000000000000e+01,4.271999999999999886e+01
7.499526524543762207e+01,4.000000000000000000e+01,4.303999999999999915e+01
7.599671006202697754e+01,4.000000000000000000e+01,4.328999999999999915e+01
7.699732208251953125e+01,4.000000000000000000e+01,4.346999999999999886e+01
7.799686050415039062e+01,4.000000000000000000e+01,4.374000000000000199e+01
7.899466753005981445e+01,4.000000000000000000e+01,4.404999999999999716e+01
7.999346971511840820e+01,4.000000000000000000e+01,4.434000000000000341e+01
8.099226665496826172e+01,4.000000000000000000e+01,4.465999999999999659e+01
8.199281167984008789e+01,4.000000000000000000e+01,4.496999999999999886e+01
8.299197983741760254e+01,4.000000000000000000e+01,4.528999999999999915e+01
8.399615883827209473e+01,4.000000000000000000e+01,4.556000000000000227e+01
8.499743509292602539e+01,4.000000000000000000e+01,4.575999999999999801e+01
8.599685049057006836e+01,4.000000000000000000e+01,4.596999999999999886e+01
8.699498820304870605e+01,4.000000000000000000e+01,4.625999999999999801e+01
8.799523353576660156e+01,4.000000000000000000e+01,4.657999999999999829e+01
8.899398612976074219e+01,4.000000000000000000e+01,4.682999999999999829e+01
8.999085903167724609e+01,4.000000000000000000e+01,4.707999999999999829e+01
9.099287247657775879e+01,4.000000000000000000e+01,4.728999999999999915e+01
9.199062371253967285e+01,4.000000000000000000e+01,4.756000000000000227e+01
9.299152255058288574e+01,4.000000000000000000e+01,4.789000000000000057e+01
9.399214839935302734e+01,4.000000000000000000e+01,4.818999999999999773e+01
9.499139261245727539e+01,4.000000000000000000e+01,4.839999999999999858e+01
9.599678564071655273e+01,4.000000000000000000e+01,4.853999999999999915e+01
9.700211048126220703e+01,4.000000000000000000e+01,4.885000000000000142e+01
9.799281167984008789e+01,4.000000000000000000e+01,4.913000000000000256e+01
9.898965430259704590e+01,4.000000000000000000e+01,4.935999999999999943e+01
9.998235201835632324e+01,4.000000000000000000e+01,4.956000000000000227e+01
1.009823219776153564e+02,4.000000000000000000e+01,4.982000000000000028e+01
1.019792792797088623e+02,4.000000000000000000e+01,5.011999999999999744e+01
1.029761416912078857e+02,4.000000000000000000e+01,5.045000000000000284e+01
1.039781696796417236e+02,4.000000000000000000e+01,5.060999999999999943e+01
1.049819424152374268e+02,4.000000000000000000e+01,5.082000000000000028e+01
1.059835112094879150e+02,4.000000000000000000e+01,5.110999999999999943e+01
1.069767251014709473e+02,4.000000000000000000e+01,5.140999999999999659e+01
1.079822692871093750e+02,4.000000000000000000e+01,5.161999999999999744e+01
1.089834778308868408e+02,4.000000000000000000e+01,5.179999999999999716e+01
1.099810869693756104e+02,4.000000000000000000e+01,5.206000000000000227e+01
1.109771246910095215e+02,4.000000000000000000e+01,5.234000000000000341e+01
1.119782304763793945e+02,4.000000000000000000e+01,5.247999999999999687e+01
1.129766845703125000e+02,4.000000000000000000e+01,5.275000000000000000e+01
1.139746198654174805e+02,4.000000000000000000e+01,5.302000000000000313e+01
1.149759540557861328e+02,4.000000000000000000e+01,5.334000000000000341e+01
1.159769716262817383e+02,4.000000000000000000e+01,5.350999999999999801e+01
1.169819188117980957e+02,4.000000000000000000e+01,5.372999999999999687e+01
1.179785180091857910e+02,4.000000000000000000e+01,5.399000000000000199e+01
1.189822793006896973e+02,4.000000000000000000e+01,5.432999999999999829e+01
1.199841825962066650e+02,4.000000000000000000e+01,5.464000000000000057e+01
1.209852027893066406e+02,4.000000000000000000e+01,5.485999999999999943e+01
1.219827065467834473e+02,4.000000000000000000e+01,5.503999999999999915e+01
1.229822661876678467e+02,4.000000000000000000e+01,5.528999999999999915e+01
1.239797415733337402e+02,4.000000000000000000e+01,5.560000000000000142e+01
1.249786360263824463e+02,4.000000000000000000e+01,5.585999999999999943e+01
1.259768991470336914e+02,4.000000000000000000e+01,5.593999999999999773e+01
1.269682335853576660e+02,4.000000000000000000e+01,5.625999999999999801e+01
1.279660041332244873e+02,4.000000000000000000e+01,5.654999999999999716e+01
1.289692573547363281e+02,4.000000000000000000e+01,5.667999999999999972e+01
1.299669935703277588e+02,4.000000000000000000e+01,5.689999999999999858e+01
1.309679760932922363e+02,4.000000000000000000e+01,5.721000000000000085e+01
1.319643232822418213e+02,4.000000000000000000e+01,5.738000000000000256e+01
1.329658098220825195e+02,4.000000000000000000e+01,5.753999999999999915e+01
1.339719901084899902e+02,4.000000000000000000e+01,5.782000000000000028e+01
1.349673264026641846e+02,4.000000000000000000e+01,5.789000000000000057e+01
1.359629046916961670e+02,4.000000000000000000e+01,5.817000000000000171e+01
1.369634845256805420e+02,4.000000000000000000e+01,5.821999999999999886e+01
1.379668495655059814e+02,4.000000000000000000e+01,5.849000000000000199e+01
1.389706084728240967e+02,4.000000000000000000e+01,5.857000000000000028e+01
1.399725453853607178e+02,4.000000000000000000e+01,5.882000000000000028e+01
1.409759516716003418e+02,4.000000000000000000e+01,5.913000000000000256e+01
1.419684751033782959e+02,4.000000000000000000e+01,5.931000000000000227e+01
1.429690055847167969e+02,4.000000000000000000e+01,5.956000000000000227e+01
1.439712100028991699e+02,4.000000000000000000e+01,5.979999999999999716e+01
1.449774308204650879e+02,4.000000000000000000e+01,6.010999999999999943e+01
1.459802296161651611e+02,4.000000000000000000e+01,6.043999999999999773e+01
1.469835312366485596e+02,4.000000000000000000e+01,6.049000000000000199e+01
1.479841532707214355e+02,4.000000000000000000e+01,6.075000000000000000e+01
1.489824907779693604e+02,4.000000000000000000e+01,6.107999999999999829e+01
1.499829552173614502e+02,4.000000000000000000e+01,6.127000000000000313e+01
1.509854891300201416e+02,4.000000000000000000e+01,6.140999999999999659e+01
1.519866847991943359e+02,4.000000000000000000e+01,6.171999999999999886e+01
1.529784307479858398e+02,4.000000000000000000e+01,6.185999999999999943e+01
1.539774670600891113e+02,4.000000000000000000e+01,6.203999999999999915e+01
1.549777221679687500e+02,4.000000000000000000e+01,6.235999999999999943e+01
1.559821846485137939e+02,4.000000000000000000e+01,6.238000000000000256e+01
1.569831659793853760e+02,4.000000000000000000e+01,6.267999999999999972e+01
1.579827346801757812e+02,4.000000000000000000e+01,6.267999999999999972e+01
1.589819855690002441e+02,4.000000000000000000e+01,6.290999999999999659e+01
1.599819984436035156e+02,4.000000000000000000e+01,6.302000000000000313e+01
1.609825057983398438e+02,4.000000000000000000e+01,6.331000000000000227e+01
1.619813199043273926e+02,4.000000000000000000e+01,6.340999999999999659e+01
1.629784982204437256e+02,4.000000000000000000e+01,6.365999999999999659e+01
1.639769473075866699e+02,4.000000000000000000e+01,6.392000000000000171e+01
1.649761016368865967e+02,4.000000000000000000e+01,6.403000000000000114e+01
1.659772341251373291e+02,4.000000000000000000e+01,6.431000000000000227e+01
1.669774372577667236e+02,4.000000000000000000e+01,6.445999999999999375e+01
1.679815452098846436e+02,4.000000000000000000e+01,6.462000000000000455e+01
1.689787230491638184e+02,4.000000000000000000e+01,6.489000000000000057e+01
1.699781417846679688e+02,4.000000000000000000e+01,6.493999999999999773e+01
1.709741573333740234e+02,4.000000000000000000e+01,6.509000000000000341e+01
1.719741744995117188e+02,4.000000000000000000e+01,6.526000000000000512e+01
1.729698741436004639e+02,4.000000000000000000e+01,6.540999999999999659e+01
1.739680321216583252e+02,4.000000000000000000e+01,6.559000000000000341e+01
1.749721059799194336e+02,4.000000000000000000e+01,6.565000000000000568e+01
1.759666962623596191e+02,4.000000000000000000e+01,6.590000000000000568e+01
1.769707069396972656e+02,4.000000000000000000e+01,6.604000000000000625e+01
1.779683890342712402e+02,4.000000000000000000e+01,6.621999999999999886e+01
1.789688158035278320e+02,4.000000000000000000e+01,6.645000000000000284e+01
1.799654600620269775e+02,4.000000000000000000e+01,6.654999999999999716e+01
1.809675137996673584e+02,4.000000000000000000e+01,6.685999999999999943e+01
1.819683887958526611e+02,4.000000000000000000e+01,6.687999999999999545e+01
1.829665777683258057e+02,4.000000000000000000e+01,6.718999999999999773e+01
1.839666798114776611e+02,4.000000000000000000e+01,6.729999999999999716e+01
1.849659776687622070e+02,4.000000000000000000e+01,6.751000000000000512e+01
1.859696147441864014e+02,4.000000000000000000e+01,6.781000000000000227e+01
1.869739248752593994e+02,4.000000000000000000e+01,6.787000000000000455e+01
1.879729530811309814e+02,4.000000000000000000e+01,6.817000000000000171e+01
1.889775204658508301e+02,4.000000000000000000e+01,6.840000000000000568e+01
1.899765782356262207e+02,4.000000000000000000e+01,6.848000000000000398e+01
1.909757113456726074e+02,4.000000000000000000e+01,6.862999999999999545e+01
1.919774243831634521e+02,4.000000000000000000e+01,6.853000000000000114e+01
1.929803807735443115e+02,4.000000000000000000e+01,6.848999999999999488e+01
1.939830112457275391e+02,4.000000000000000000e+01,6.862999999999999545e+01
1.949820742607116699e+02,4.000000000000000000e+01,6.881000000000000227e+01
1.959858374595642090e+02,4.000000000000000000e+01,6.879999999999999716e+01
1.969843018054962158e+02,4.000000000000000000e+01,6.881999999999999318e+01
1.979873006343841553e+02,4.000000000000000000e+01,6.910999999999999943e+01
1.989805691242218018e+02,4.000000000000000000e+01,6.920999999999999375e+01
1.999812326431274414e+02,4.000000000000000000e+01,6.943999999999999773e+01
2.009828584194183350e+02,4.000000000000000000e+01,6.970999999999999375e+01
2.019812347888946533e+02,4.000000000000000000e+01,6.979999999999999716e+01
2.029838922023773193e+02,4.000000000000000000e+01,7.009000000000000341e+01
2.039856326580047607e+02,4.000000000000000000e+01,7.012999999999999545e+01
2.049904279708862305e+02,4.000000000000000000e+01,7.040999999999999659e+01
2.059903073310852051e+02,4.000000000000000000e+01,7.070999999999999375e+01
2.069935991764068604e+02,4.000000000000000000e+01,7.073999999999999488e+01
2.079922642707824707e+02,4.000000000000000000e+01,7.073999999999999488e+01
2.089917142391204834e+02,4.000000000000000000e+01,7.104999999999999716e+01
2.099930927753448486e+02,4.000000000000000000e+01,7.106000000000000227e+01
2.109912900924682617e+02,4.000000000000000000e+01,7.115999999999999659e+01
2.119908175468444824e+02,4.000000000000000000e+01,7.137000000000000455e+01
2.129908773899078369e+02,4.000000000000000000e+01,7.139000000000000057e+01
2.139819879531860352e+02,4.000000000000000000e+01,7.170000000000000284e+01
2.149845545291900635e+02,4.000000000000000000e+01,7.201999999999999602e+01
2.159882090091705322e+02,4.000000000000000000e+01,7.234000000000000341e+01
2.169862806797027588e+02,4.000000000000000000e+01,7.268000000000000682e+01
2.179829046726226807e+02,4.000000000000000000e+01,7.331000000000000227e+01
2.189812514781951904e+02,4.000000000000000000e+01,7.378000000000000114e+01
2.199780907630920410e+02,4.000000000000000000e+01,7.479000000000000625e+01
2.209780814647674561e+02,4.000000000000000000e+01,7.681999999999999318e+01
2.219780917167663574e+02,4.000000000000000000e+01,7.365999999999999659e+01
2.229774494171142578e+02,4.000000000000000000e+01,7.395000000000000284e+01
2.239795880317687988e+02,4.000000000000000000e+01,7.425000000000000000e+01
2.249776620864868164e+02,4.000000000000000000e+01,7.434000000000000341e+01
2.259752008914947510e+02,4.000000000000000000e+01,7.459999999999999432e+01
2.269773166179656982e+02,4.000000000000000000e+01,7.496999999999999886e+01
2.279699678421020508e+02,4.000000000000000000e+01,7.681999999999999318e+01
2.289708178043365479e+02,4.000000000000000000e+01,8.390999999999999659e+01
2.299674675464630127e+02,4.000000000000000000e+01,7.814000000000000057e+01
2.309693598747253418e+02,4.000000000000000000e+01,7.881000000000000227e+01
2.319677546024322510e+02,4.000000000000000000e+01,7.803000000000000114e+01
2.329653677940368652e+02,4.000000000000000000e+01,7.653000000000000114e+01
2.339630355834960938e+02,4.000000000000000000e+01,7.657999999999999829e+01
2.349628388881683350e+02,4.000000000000000000e+01,7.621999999999999886e+01
2.359609057903289795e+02,4.000000000000000000e+01,7.609999999999999432e+01
2.369598419666290283e+02,4.000000000000000000e+01,7.654000000000000625e+01
2.379618113040924072e+02,4.000000000000000000e+01,7.659000000000000341e+01
2.389522118568420410e+02,4.000000000000000000e+01,7.684999999999999432e+01
2.399516274929046631e+02,4.000000000000000000e+01,7.689000000000000057e+01
2.409546041488647461e+02,4.000000000000000000e+01,7.748999999999999488e+01
2.419563155174255371e+02,4.000000000000000000e+01,7.782999999999999829e+01
2.429566061496734619e+02,4.000000000000000000e+01,7.817000000000000171e+01
2.439553580284118652e+02,4.000000000000000000e+01,7.912000000000000455e+01
2.449574816226959229e+02,4.000000000000000000e+01,7.815000000000000568e+01
2.459584631919860840e+02,4.000000000000000000e+01,7.781999999999999318e+01
2.469598343372344971e+02,4.000000000000000000e+01,7.782999999999999829e+01
2.479622445106506348e+02,4.000000000000000000e+01,7.801999999999999602e+01
2.489672203063964844e+02,4.000000000000000000e+01,7.823999999999999488e+01
2.499705193042755127e+02,4.000000000000000000e+01,7.846999999999999886e+01
2.509737117290496826e+02,4.000000000000000000e+01,7.879999999999999716e+01
2.519752774238586426e+02,4.000000000000000000e+01,7.846999999999999886e+01
2.529737250804901123e+02,4.000000000000000000e+01,7.909999999999999432e+01
2.539734458923339844e+02,4.000000000000000000e+01,7.912000000000000455e+01
2.549726610183715820e+02,4.000000000000000000e+01,7.909999999999999432e+01
2.559631943702697754e+02,4.000000000000000000e+01,7.934000000000000341e+01
2.569669754505157471e+02,4.000000000000000000e+01,7.975000000000000000e+01
2.579689075946807861e+02,4.000000000000000000e+01,8.039000000000000057e+01
2.589684112071990967e+02,4.000000000000000000e+01,8.042000000000000171e+01
2.599702193737030029e+02,4.000000000000000000e+01,7.981999999999999318e+01
2.609755291938781738e+02,4.000000000000000000e+01,8.025000000000000000e+01
2.619772920608520508e+02,4.000000000000000000e+01,8.037000000000000455e+01
2.629749045372009277e+02,4.000000000000000000e+01,8.068000000000000682e+01
2.639754574298858643e+02,4.000000000000000000e+01,8.070000000000000284e+01
2.649738011360168457e+02,4.000000000000000000e+01,8.106999999999999318e+01
2.659756464958190918e+02,4.000000000000000000e+01,8.170999999999999375e+01
2.669756772518157959e+02,4.000000000000000000e+01,8.134999999999999432e+01
2.679727225303649902e+02,4.000000000000000000e+01,8.168999999999999773e+01
2.689642934799194336e+02,4.000000000000000000e+01,8.173000000000000398e+01
2.699619550704956055e+02,4.000000000000000000e+01,8.201999999999999602e+01
2.709581780433654785e+02,4.000000000000000000e+01,8.289000000000000057e+01
2.719627637863159180e+02,4.000000000000000000e+01,8.457999999999999829e+01
2.729640591144561768e+02,4.000000000000000000e+01,8.554000000000000625e+01
2.739684133529663086e+02,4.000000000000000000e+01,8.559999999999999432e+01
2.749711503982543945e+02,4.000000000000000000e+01,8.620000000000000284e+01
2.759632434844970703e+02,4.000000000000000000e+01,8.565999999999999659e+01
2.769614031314849854e+02,4.000000000000000000e+01,8.615000000000000568e+01
2.779628267288208008e+02,4.000000000000000000e+01,8.776999999999999602e+01
2.789597077369689941e+02,4.000000000000000000e+01,8.503000000000000114e+01
2.799583454132080078e+02,4.000000000000000000e+01,8.573999999999999488e+01
2.809583396911621094e+02,4.000000000000000000e+01,8.426000000000000512e+01
2.819598383903503418e+02,4.000000000000000000e+01,8.340999999999999659e+01
2.829626715183258057e+02,4.000000000000000000e+01,8.387000000000000455e+01
2.839686627388000488e+02,4.000000000000000000e+01,8.268000000000000682e+01
2.849716980457305908e+02,4.000000000000000000e+01,8.237999999999999545e+01
2.859720366001129150e+02,4.000000000000000000e+01,8.246999999999999886e+01
2.869639627933502197e+02,4.000000000000000000e+01,8.245000000000000284e+01
2.879685103893280029e+02,4.000000000000000000e+01,8.265000000000000568e+01
2.889700832366943359e+02,4.000000000000000000e+01,8.265000000000000568e+01
2.899688615798950195e+02,4.000000000000000000e+01,8.267000000000000171e+01
2.909704868793487549e+02,4.000000000000000000e+01,8.273999999999999488e+01
2.919735560417175293e+02,4.000000000000000000e+01,8.250000000000000000e+01
2.929746491909027100e+02,4.000000000000000000e+01,8.262999999999999545e+01
2.939720466136932373e+02,4.000000000000000000e+01,8.264000000000000057e+01
2.949740753173828125e+02,4.000000000000000000e+01,8.265000000000000568e+01
2.959762542247772217e+02,4.000000000000000000e+01,8.264000000000000057e+01
2.969775273799896240e+02,4.000000000000000000e+01,8.265000000000000568e+01
2.979689040184020996e+02,4.000000000000000000e+01,8.265999999999999659e+01
2.989695115089416504e+02,4.000000000000000000e+01,8.268999999999999773e+01
2.999686222076416016e+02,4.000000000000000000e+01,8.276999999999999602e+01
3.009692523479461670e+02,4.000000000000000000e+01,8.276000000000000512e+01
3.019673528671264648e+02,4.000000000000000000e+01,8.292000000000000171e+01
3.029712495803833008e+02,4.000000000000000000e+01,8.295000000000000284e+01
3.039710288047790527e+02,4.000000000000000000e+01,8.296999999999999886e+01
3.049738056659698486e+02,4.000000000000000000e+01,8.298000000000000398e+01
3.059760189056396484e+02,4.000000000000000000e+01,8.317000000000000171e+01
3.069745604991912842e+02,4.000000000000000000e+01,8.329000000000000625e+01
3.079766428470611572e+02,4.000000000000000000e+01,8.329999999999999716e+01
3.089785556793212891e+02,4.000000000000000000e+01,8.331000000000000227e+01
3.099764466285705566e+02,4.000000000000000000e+01,8.348999999999999488e+01
3.109786553382873535e+02,4.000000000000000000e+01,8.360999999999999943e+01
3.119794554710388184e+02,4.000000000000000000e+01,8.367000000000000171e+01
3.129770126342773438e+02,4.000000000000000000e+01,8.392000000000000171e+01
3.139684112071990967e+02,4.000000000000000000e+01,8.395000000000000284e+01
3.149698636531829834e+02,4.000000000000000000e+01,8.395000000000000284e+01
3.159669787883758545e+02,4.000000000000000000e+01,8.406999999999999318e+01
3.169680614471435547e+02,4.000000000000000000e+01,8.426999999999999602e+01
3.179707677364349365e+02,4.000000000000000000e+01,8.426999999999999602e+01
3.189744787216186523e+02,4.000000000000000000e+01,8.432999999999999829e+01
3.199773483276367188e+02,4.000000000000000000e+01,8.457999999999999829e+01
3.209681763648986816e+02,4.000000000000000000e+01,8.459000000000000341e+01
3.219675295352935791e+02,4.000000000000000000e+01,8.482999999999999829e+01
3.229628043174743652e+02,4.000000000000000000e+01,8.490999999999999659e+01
3.239666213989257812e+02,4.000000000000000000e+01,8.492000000000000171e+01
3.249674553871154785e+02,4.000000000000000000e+01,8.512999999999999545e+01
3.259671282768249512e+02,4.000000000000000000e+01,8.521999999999999886e+01
3.269665281772613525e+02,4.000000000000000000e+01,8.529000000000000625e+01
3.279686114788055420e+02,4.000000000000000000e+01,8.554000000000000625e+01
3.289686853885650635e+02,4.000000000000000000e+01,8.556000000000000227e+01
3.299689815044403076e+02,4.000000000000000000e+01,8.559000000000000341e+01
3.309673101902008057e+02,4.000000000000000000e+01,8.581000000000000227e+01
3.319683892726898193e+02,4.000000000000000000e+01,8.587000000000000455e+01
3.329685368537902832e+02,4.000000000000000000e+01,8.590000000000000568e+01
3.339709465503692627e+02,4.000000000000000000e+01,8.614000000000000057e+01
3.349667651653289795e+02,4.000000000000000000e+01,8.618999999999999773e+01
3.359673523902893066e+02,4.000000000000000000e+01,8.621999999999999886e+01
3.369587633609771729e+02,4.000000000000000000e+01,8.651999999999999602e+01
3.379587304592132568e+02,4.000000000000000000e+01,8.651999999999999602e+01
3.389630887508392334e+02,4.000000000000000000e+01,8.659999999999999432e+01
3.399602565765380859e+02,4.000000000000000000e+01,8.681999999999999318e+01
3.409595863819122314e+02,4.000000000000000000e+01,8.684999999999999432e+01
3.419618995189666748e+02,4.000000000000000000e+01,8.710999999999999943e+01
3.429597730636596680e+02,4.000000000000000000e+01,8.717000000000000171e+01
3.439596738815307617e+02,4.000000000000000000e+01,8.717000000000000171e+01
3.449563372135162354e+02,4.000000000000000000e+01,8.734000000000000341e+01
3.459550180435180664e+02,4.000000000000000000e+01,8.748000000000000398e+01
3.469575669765472412e+02,4.000000000000000000e+01,8.773000000000000398e+01
3.479614772796630859e+02,4.000000000000000000e+01,8.781000000000000227e+01
3.489665639400482178e+02,4.000000000000000000e+01,8.782999999999999829e+01
3.499711840152740479e+02,4.000000000000000000e+01,8.812000000000000455e+01
3.509770767688751221e+02,4.000000000000000000e+01,8.820999999999999375e+01
3.519822564125061035e+02,4.000000000000000000e+01,8.845000000000000284e+01
3.529771983623504639e+02,4.000000000000000000e+01,8.853000000000000114e+01
3.539827222824096680e+02,4.000000000000000000e+01,8.865000000000000568e+01
3.549819812774658203e+02,4.000000000000000000e+01,8.865000000000000568e+01
3.559848093986511230e+02,4.000000000000000000e+01,8.878000000000000114e+01
3.569847774505615234e+02,4.000000000000000000e+01,8.884999999999999432e+01
3.579864051342010498e+02,4.000000000000000000e+01,8.909999999999999432e+01
3.589844837188720703e+02,4.000000000000000000e+01,8.939000000000000057e+01
3.599832475185394287e+02,4.000000000000000000e+01,8.946999999999999886e+01
3.609821939468383789e+02,4.000000000000000000e+01,8.975000000000000000e+01
3.619837629795074463e+02,4.000000000000000000e+01,8.975000000000000000e+01
3.629853496551513672e+02,4.000000000000000000e+01,8.995000000000000284e+01
3.639899697303771973e+02,4.000000000000000000e+01,9.006000000000000227e+01
3.649932904243469238e+02,4.000000000000000000e+01,9.029000000000000625e+01
3.659987540245056152e+02,4.000000000000000000e+01,9.040999999999999659e+01
3.670011231899261475e+02,4.000000000000000000e+01,9.056999999999999318e+01
3.680018317699432373e+02,4.000000000000000000e+01,9.071999999999999886e+01
3.690020606517791748e+02,4.000000000000000000e+01,9.090000000000000568e+01
3.700041866302490234e+02,4.000000000000000000e+01,9.134999999999999432e+01
3.710084929466247559e+02,4.000000000000000000e+01,9.200000000000000000e+01
3.720061917304992676e+02,4.000000000000000000e+01,9.170000000000000284e+01
3.730100553035736084e+02,4.000000000000000000e+01,9.198999999999999488e+01
3.740126836299896240e+02,4.000000000000000000e+01,9.229999999999999716e+01
3.750124001502990723e+02,4.000000000000000000e+01,9.200000000000000000e+01
3.760157740116119385e+02,4.000000000000000000e+01,9.226999999999999602e+01
3.770198619365692139e+02,4.000000000000000000e+01,9.262000000000000455e+01
3.780235078334808350e+02,4.000000000000000000e+01,9.315000000000000568e+01
3.790265889167785645e+02,4.000000000000000000e+01,9.367000000000000171e+01
3.800305922031402588e+02,4.000000000000000000e+01,9.443000000000000682e+01
3.810340957641601562e+02,4.000000000000000000e+01,9.409999999999999432e+01
3.820375518798828125e+02,4.000000000000000000e+01,9.368999999999999773e+01
3.830376768112182617e+02,4.000000000000000000e+01,9.417000000000000171e+01
3.840372290611267090e+02,4.000000000000000000e+01,9.504999999999999716e+01
3.850354664325714111e+02,4.000000000000000000e+01,9.531000000000000227e+01
3.860341103076934814e+02,4.000000000000000000e+01,9.567000000000000171e+01
3.870334191322326660e+02,4.000000000000000000e+01,9.645999999999999375e+01
3.880325222015380859e+02,4.000000000000000000e+01,9.589000000000000057e+01
3.890380034446716309e+02,4.000000000000000000e+01,9.595999999999999375e+01
3.900373437404632568e+02,4.000000000000000000e+01,9.615000000000000568e+01
3.910384345054626465e+02,4.000000000000000000e+01,9.645999999999999375e+01
3.920298993587493896e+02,4.000000000000000000e+01,9.685999999999999943e+01
3.930318553447723389e+02,4.000000000000000000e+01,9.720000000000000284e+01
3.940324935913085938e+02,4.000000000000000000e+01,9.756999999999999318e+01
3.950327372550964355e+02,4.000000000000000000e+01,9.804999999999999716e+01
3.960299847126007080e+02,4.000000000000000000e+01,9.776999999999999602e+01
3.970254852771759033e+02,4.000000000000000000e+01,9.743000000000000682e+01
3.980262222290039062e+02,4.000000000000000000e+01,9.631999999999999318e+01
3.990186159610748291e+02,4.000000000000000000e+01,9.593000000000000682e+01
4.000184741020202637e+02,4.000000000000000000e+01,9.648000000000000398e+01
4.010161185264587402e+02,4.000000000000000000e+01,9.607999999999999829e+01
4.020174112319946289e+02,4.000000000000000000e+01,9.589000000000000057e+01
4.030161511898040771e+02,4.000000000000000000e+01,9.651999999999999602e+01
4.040147399902343750e+02,4.000000000000000000e+01,9.604000000000000625e+01
4.050121469497680664e+02,4.000000000000000000e+01,9.603000000000000114e+01
4.060096914768218994e+02,4.000000000000000000e+01,9.612999999999999545e+01
4.070049798488616943e+02,4.000000000000000000e+01,9.609000000000000341e+01
4.080064954757690430e+02,4.000000000000000000e+01,9.606999999999999318e+01
4.090088412761688232e+02,4.000000000000000000e+01,9.643000000000000682e+01
4.100136966705322266e+02,4.000000000000000000e+01,9.645999999999999375e+01
4.110169861316680908e+02,4.000000000000000000e+01,9.601000000000000512e+01
4.120137708187103271e+02,4.000000000000000000e+01,9.568999999999999773e+01
4.130183973312377930e+02,4.000000000000000000e+01,9.581999999999999318e+01
4.140195133686065674e+02,4.000000000000000000e+01,9.609999999999999432e+01
4.150164155960083008e+02,4.000000000000000000e+01,9.615000000000000568e+01
4.160164155960083008e+02,4.000000000000000000e+01,9.614000000000000057e+01
4.170129315853118896e+02,4.000000000000000000e+01,9.609000000000000341e+01
4.180081651210784912e+02,4.000000000000000000e+01,9.609999999999999432e+01
4.190131509304046631e+02,4.000000000000000000e+01,9.614000000000000057e+01
4.200094327926635742e+02,4.000000000000000000e+01,9.614000000000000057e+01
4.210051195621490479e+02,4.000000000000000000e+01,9.623000000000000398e+01
4.220019357204437256e+02,4.000000000000000000e+01,9.609000000000000341e+01
4.229983506202697754e+02,4.000000000000000000e+01,9.598999999999999488e+01
4.239948296546936035e+02,4.000000000000000000e+01,9.617000000000000171e+01
4.249958040714263916e+02,4.000000000000000000e+01,9.628000000000000114e+01
4.259974038600921631e+02,4.000000000000000000e+01,9.615000000000000568e+01
4.269967992305755615e+02,4.000000000000000000e+01,9.634999999999999432e+01
4.279942438602447510e+02,4.000000000000000000e+01,9.629999999999999716e+01
4.289981515407562256e+02,4.000000000000000000e+01,9.651000000000000512e+01
4.299999525547027588e+02,4.000000000000000000e+01,9.668000000000000682e+01
4.309936373233795166e+02,4.000000000000000000e+01,9.687000000000000455e+01
4.319929130077362061e+02,4.000000000000000000e+01,9.693999999999999773e+01
4.329934573173522949e+02,4.000000000000000000e+01,9.682999999999999829e+01
4.339943368434906006e+02,4.000000000000000000e+01,9.693000000000000682e+01
4.349987137317657471e+02,4.000000000000000000e+01,9.696999999999999886e+01
4.360009918212890625e+02,4.000000000000000000e+01,9.679999999999999716e+01
4.370033259391784668e+02,4.000000000000000000e+01,9.684000000000000341e+01
4.380080294609069824e+02,4.000000000000000000e+01,9.706999999999999318e+01
4.390136027336120605e+02,4.000000000000000000e+01,9.715000000000000568e+01
4.400150227546691895e+02,4.000000000000000000e+01,9.728000000000000114e+01
4.410190138816833496e+02,4.000000000000000000e+01,9.731999999999999318e+01
4.420192470550537109e+02,4.000000000000000000e+01,9.745999999999999375e+01
4.430160436630249023e+02,4.000000000000000000e+01,9.754000000000000625e+01
4.440152716636657715e+02,4.000000000000000000e+01,9.762999999999999545e+01
4.450152065753936768e+02,4.000000000000000000e+01,9.743999999999999773e+01
4.460147635936737061e+02,4.000000000000000000e+01,9.745999999999999375e+01
4.470154497623443604e+02,4.000000000000000000e+01,9.762999999999999545e+01
4.480138189792633057e+02,4.000000000000000000e+01,9.778000000000000114e+01
4.490150737762451172e+02,4.000000000000000000e+01,9.778000000000000114e+01
4.500152649879455566e+02,4.000000000000000000e+01,9.784999999999999432e+01
4.510171980857849121e+02,4.000000000000000000e+01,9.785999999999999943e+01
4.520167770385742188e+02,4.000000000000000000e+01,9.793999999999999773e+01
4.530127978324890137e+02,4.000000000000000000e+01,9.809999999999999432e+01
4.540172190666198730e+02,4.000000000000000000e+01,9.846999999999999886e+01
4.550164833068847656e+02,4.000000000000000000e+01,9.845000000000000284e+01
4.560107591152191162e+02,4.000000000000000000e+01,9.854999999999999716e+01
4.570114977359771729e+02,4.000000000000000000e+01,9.840000000000000568e+01
4.580096583366394043e+02,4.000000000000000000e+01,9.837999999999999545e+01
4.590083990097045898e+02,4.000000000000000000e+01,9.840999999999999659e+01
4.600070581436157227e+02,4.000000000000000000e+01,9.843999999999999773e+01
4.610081684589385986e+02,4.000000000000000000e+01,9.867000000000000171e+01
4.620005095005035400e+02,4.000000000000000000e+01,9.870999999999999375e+01
4.630003440380096436e+02,4.000000000000000000e+01,9.879000000000000625e+01
4.639995534420013428e+02,4.000000000000000000e+01,9.889000000000000057e+01
4.650015494823455811e+02,4.000000000000000000e+01,9.881000000000000227e+01
4.660023920536041260e+02,4.000000000000000000e+01,9.893000000000000682e+01
4.670012345314025879e+02,4.000000000000000000e+01,9.904000000000000625e+01
4.679992954730987549e+02,4.000000000000000000e+01,9.912999999999999545e+01
4.689995691776275635e+02,4.000000000000000000e+01,9.915999999999999659e+01
4.699982364177703857e+02,4.000000000000000000e+01,9.918999999999999773e+01
4.709965672492980957e+02,4.000000000000000000e+01,9.928000000000000114e+01
4.719938788414001465e+02,4.000000000000000000e+01,9.935999999999999943e+01
4.729930152893066406e+02,4.000000000000000000e+01,9.956999999999999318e+01
4.739973552227020264e+02,4.000000000000000000e+01,9.960999999999999943e+01
4.749884157180786133e+02,4.000000000000000000e+01,9.960999999999999943e+01
4.759877912998199463e+02,4.000000000000000000e+01,9.968999999999999773e+01
4.769787075519561768e+02,4.000000000000000000e+01,9.970999999999999375e+01
4.779814913272857666e+02,4.000000000000000000e+01,1.000699999999999932e+02
4.789727663993835449e+02,4.000000000000000000e+01,1.001400000000000006e+02
4.799755179882049561e+02,4.000000000000000000e+01,1.002600000000000051e+02
4.809752829074859619e+02,4.000000000000000000e+01,1.002500000000000000e+02
4.819723777770996094e+02,4.000000000000000000e+01,1.002900000000000063e+02
4.829700331687927246e+02,4.000000000000000000e+01,1.002800000000000011e+02
4.839662215709686279e+02,4.000000000000000000e+01,1.003900000000000006e+02
4.849629209041595459e+02,4.000000000000000000e+01,1.005600000000000023e+02
4.859626092910766602e+02,4.000000000000000000e+01,1.009000000000000057e+02
4.869611363410949707e+02,4.000000000000000000e+01,1.011700000000000017e+02
4.879603376388549805e+02,4.000000000000000000e+01,1.014500000000000028e+02
4.889660375118255615e+02,4.000000000000000000e+01,1.015799999999999983e+02
4.899685769081115723e+02,4.000000000000000000e+01,1.022900000000000063e+02
4.909699778556823730e+02,4.000000000000000000e+01,1.020000000000000000e+02
4.919703681468963623e+02,4.000000000000000000e+01,1.019300000000000068e+02
4.929661734104156494e+02,4.000000000000000000e+01,1.020799999999999983e+02
4.939697546958923340e+02,4.000000000000000000e+01,1.019300000000000068e+02
4.949738545417785645e+02,4.000000000000000000e+01,1.020199999999999960e+02
4.959727072715759277e+02,4.000000000000000000e+01,1.019800000000000040e+02
4.969765155315399170e+02,4.000000000000000000e+01,1.020799999999999983e+02
4.979788300991058350e+02,4.000000000000000000e+01,1.020699999999999932e+02
4.989721648693084717e+02,4.000000000000000000e+01,1.022199999999999989e+02
4.999740092754364014e+02,4.000000000000000000e+01,1.021899999999999977e+02
5.009756069183349609e+02,4.000000000000000000e+01,1.022999999999999972e+02
5.019753983020782471e+02,4.000000000000000000e+01,1.023700000000000045e+02
5.029701650142669678e+02,4.000000000000000000e+01,1.022199999999999989e+02
5.039730381965637207e+02,4.000000000000000000e+01,1.023299999999999983e+02
5.049723317623138428e+02,4.000000000000000000e+01,1.022000000000000028e+02
5.059710454940795898e+02,4.000000000000000000e+01,1.022000000000000028e+02
5.069677965641021729e+02,4.000000000000000000e+01,1.021800000000000068e+02
5.079687533378601074e+02,4.000000000000000000e+01,1.023900000000000006e+02
5.089666950702667236e+02,4.000000000000000000e+01,1.027399999999999949e+02
5.099672641754150391e+02,4.000000000000000000e+01,1.031200000000000045e+02
5.109679629802703857e+02,4.000000000000000000e+01,1.029300000000000068e+02
5.119718699455261230e+02,4.000000000000000000e+01,1.030499999999999972e+02
5.129663376808166504e+02,4.000000000000000000e+01,1.032399999999999949e+02
5.139640910625457764e+02,4.000000000000000000e+01,1.038799999999999955e+02
5.149630985260009766e+02,4.000000000000000000e+01,1.040799999999999983e+02
5.159684102535247803e+02,4.000000000000000000e+01,1.036099999999999994e+02
5.169594118595123291e+02,4.000000000000000000e+01,1.036700000000000017e+02
5.179589524269104004e+02,4.000000000000000000e+01,1.035999999999999943e+02
5.189587435722351074e+02,4.000000000000000000e+01,1.036899999999999977e+02
5.199623613357543945e+02,4.000000000000000000e+01,1.037999999999999972e+02
5.209621593952178955e+02,4.000000000000000000e+01,1.038700000000000045e+02
5.219660573005676270e+02,4.000000000000000000e+01,1.041700000000000017e+02
5.229688251018524170e+02,4.000000000000000000e+01,1.042000000000000028e+02
5.239602785110473633e+02,4.000000000000000000e+01,1.044500000000000028e+02
5.249641132354736328e+02,4.000000000000000000e+01,1.044599999999999937e+02
5.259638094902038574e+02,4.000000000000000000e+01,1.044699999999999989e+02
5.269559876918792725e+02,4.000000000000000000e+01,1.044699999999999989e+02
5.279530889987945557e+02,4.000000000000000000e+01,1.046099999999999994e+02
5.289562177658081055e+02,4.000000000000000000e+01,1.045999999999999943e+02
5.299532718658447266e+02,4.000000000000000000e+01,1.046899999999999977e+02
5.309545857906341553e+02,4.000000000000000000e+01,1.044699999999999989e+02
5.319553771018981934e+02,4.000000000000000000e+01,1.044800000000000040e+02
5.329540436267852783e+02,4.000000000000000000e+01,1.046400000000000006e+02
5.339562733173370361e+02,4.000000000000000000e+01,1.043700000000000045e+02
5.349500579833984375e+02,4.000000000000000000e+01,1.044000000000000057e+02
5.359495182037353516e+02,4.000000000000000000e+01,1.044000000000000057e+02
5.369531753063201904e+02,4.000000000000000000e+01,1.044000000000000057e+02
5.379511239528656006e+02,4.000000000000000000e+01,1.045499999999999972e+02
5.389518415927886963e+02,4.000000000000000000e+01,1.045400000000000063e+02
5.399508705139160156e+02,4.000000000000000000e+01,1.046099999999999994e+02
5.409502511024475098e+02,4.000000000000000000e+01,1.046200000000000045e+02
5.419434390068054199e+02,4.000000000000000000e+01,1.049300000000000068e+02
5.429448952674865723e+02,4.000000000000000000e+01,1.051599999999999966e+02
5.439369142055511475e+02,4.000000000000000000e+01,1.052099999999999937e+02
5.449403390884399414e+02,4.000000000000000000e+01,1.054000000000000057e+02
5.459333093166351318e+02,4.000000000000000000e+01,1.054200000000000017e+02
5.469317245483398438e+02,4.000000000000000000e+01,1.056299999999999955e+02
5.479305205345153809e+02,4.000000000000000000e+01,1.057099999999999937e+02
5.489290006160736084e+02,4.000000000000000000e+01,1.057399999999999949e+02
5.499264147281646729e+02,4.000000000000000000e+01,1.062800000000000011e+02
5.509265067577362061e+02,4.000000000000000000e+01,1.063599999999999994e+02
5.519269211292266846e+02,4.000000000000000000e+01,1.060900000000000034e+02
5.529200477600097656e+02,4.000000000000000000e+01,1.059099999999999966e+02
5.539233038425445557e+02,4.000000000000000000e+01,1.055999999999999943e+02
5.549252643585205078e+02,4.000000000000000000e+01,1.058100000000000023e+02
5.559312391281127930e+02,4.000000000000000000e+01,1.057600000000000051e+02
5.569327917098999023e+02,4.000000000000000000e+01,1.055799999999999983e+02
5.579295041561126709e+02,4.000000000000000000e+01,1.056899999999999977e+02
5.589338829517364502e+02,4.000000000000000000e+01,1.056200000000000045e+02
5.599355618953704834e+02,4.000000000000000000e+01,1.057000000000000028e+02
5.609402949810028076e+02,4.000000000000000000e+01,1.058900000000000006e+02
5.619393849372863770e+02,4.000000000000000000e+01,1.059500000000000028e+02
5.629374279975891113e+02,4.000000000000000000e+01,1.060699999999999932e+02
5.639380474090576172e+02,4.000000000000000000e+01,1.060499999999999972e+02
5.649358856678009033e+02,4.000000000000000000e+01,1.060799999999999983e+02
5.659353930950164795e+02,4.000000000000000000e+01,1.061800000000000068e+02
5.669401016235351562e+02,4.000000000000000000e+01,1.062399999999999949e+02
5.679385373592376709e+02,4.000000000000000000e+01,1.062699999999999960e+02
5.689392411708831787e+02,4.000000000000000000e+01,1.063199999999999932e+02
5.699412171840667725e+02,4.000000000000000000e+01,1.063400000000000034e+02
5.709432544708251953e+02,4.000000000000000000e+01,1.062999999999999972e+02
5.719467847347259521e+02,4.000000000000000000e+01,1.064000000000000057e+02
5.729382097721099854e+02,4.000000000000000000e+01,1.065100000000000051e+02
5.739395501613616943e+02,4.000000000000000000e+01,1.065600000000000023e+02
5.749343898296356201e+02,4.000000000000000000e+01,1.064800000000000040e+02
5.759367933273315430e+02,4.000000000000000000e+01,1.064899999999999949e+02
5.769356369972229004e+02,4.000000000000000000e+01,1.067300000000000040e+02
5.779295086860656738e+02,4.000000000000000000e+01,1.067099999999999937e+02
5.789286303520202637e+02,4.000000000000000000e+01,1.067999999999999972e+02
5.799290306568145752e+02,4.000000000000000000e+01,1.068700000000000045e+02
5.809295592308044434e+02,4.000000000000000000e+01,1.067099999999999937e+02
5.819312462806701660e+02,4.000000000000000000e+01,1.070400000000000063e+02
5.829318411350250244e+02,4.000000000000000000e+01,1.071299999999999955e+02
5.839280710220336914e+02,4.000000000000000000e+01,1.072600000000000051e+02
5.849285731315612793e+02,4.000000000000000000e+01,1.073900000000000006e+02
5.859296047687530518e+02,4.000000000000000000e+01,1.073100000000000023e+02
5.869287147521972656e+02,4.000000000000000000e+01,1.073599999999999994e+02
5.879291403293609619e+02,4.000000000000000000e+01,1.072900000000000063e+02
5.889344806671142578e+02,4.000000000000000000e+01,1.073499999999999943e+02
5.899348745346069336e+02,4.000000000000000000e+01,1.074399999999999977e+02
5.909309465885162354e+02,4.000000000000000000e+01,1.075600000000000023e+02
5.919286658763885498e+02,4.000000000000000000e+01,1.075300000000000011e+02
5.929277012348175049e+02,4.000000000000000000e+01,1.073499999999999943e+02
5.939288098812103271e+02,4.000000000000000000e+01,1.072000000000000028e+02
5.949274950027465820e+02,4.000000000000000000e+01,1.072699999999999960e+02
5.959277312755584717e+02,4.000000000000000000e+01,1.072900000000000063e+02
5.969266469478607178e+02,4.000000000000000000e+01,1.074200000000000017e+02
5.979274013042449951e+02,4.000000000000000000e+01,1.073100000000000023e+02

